,avg_five,avg_hundred_twenty,avg_sixty,avg_ten,avg_twenty,date,finial_price,foreign_investment,highest_price,legal_person,lowest_price,opening_price,quantity,self_employed,short_buy,short_sell
0,25.76,21.18208333333333,24.74,26.160000000000004,26.5725,2016/12/22,25.5,158889,26.15,14152,25.5,26,1614,4311,6005,3112
1,25.96,21.099166666666665,24.65,26.285000000000004,26.622500000000002,2016/12/21,26.05,158742,26.15,14182,25.8,26,1266,4314,6120,3171
2,26.060000000000002,21.012083333333333,24.5425,26.420000000000005,26.652500000000003,2016/12/20,26.1,158503,26.25,14282,25.3,25.4,3721,4513,6029,3229
3,26.2,20.91833333333333,24.43,26.53,26.695,2016/12/19,25.4,157869,25.8,14512,25.3,25.8,4396,4426,5845,2956
4,26.360000000000003,20.829583333333332,24.331666666666663,26.639999999999997,26.764999999999997,2016/12/16,25.75,155638,26.5,15312,25.75,26.45,5197,4572,5984,3122
5,26.560000000000002,20.73708333333333,24.224999999999998,26.764999999999997,26.78,2016/12/15,26.5,155143,26.9,15882,26.2,26.3,4243,6384,5442,3342
6,26.610000000000003,20.63958333333333,24.1025,26.830000000000002,26.805,2016/12/14,26.55,153807,26.75,16212,26.4,26.75,1974,7671,5543,3471
7,26.78,20.541666666666668,23.96833333333333,26.910000000000004,26.744999999999997,2016/12/13,26.8,153434,26.8,16212,26.25,26.5,3607,7884,5554,3496
8,26.860000000000003,20.438749999999995,23.822499999999998,26.979999999999997,26.65,2016/12/12,26.2,151818,26.8,16778,25.9,26.45,7099,7756,5862,3420
9,26.919999999999998,20.339999999999993,23.6875,27.014999999999997,26.525,2016/12/09,26.75,151149,27.15,17428,26.55,26.8,2735,8410,6122,3751
10,26.97,20.237083333333327,23.549166666666665,26.985000000000003,26.419999999999998,2016/12/08,26.75,150787,27.6,17528,26.4,27.55,6230,8542,6423,3824
11,27.05,20.13208333333333,23.424999999999997,26.96,26.3525,2016/12/07,27.4,151506,27.4,17528,26.9,27.25,2670,10269,6361,4271
12,27.04,20.02416666666666,23.291666666666664,26.885,26.152499999999996,2016/12/06,27.2,151098,27.25,17528,26.55,26.6,4621,10433,6480,4264
13,27.1,19.917499999999997,23.161666666666665,26.860000000000003,26.02,2016/12/05,26.5,150698,27.4,17728,26.5,27.05,3754,10399,6560,4016
14,27.110000000000003,19.81833333333333,23.044166666666666,26.889999999999997,25.8825,2016/12/02,27,151124,27.5,17328,26.7,27.45,3982,10431,6543,4105
15,27.0,19.71666666666666,22.919166666666666,26.794999999999998,25.747499999999995,2016/12/01,27.15,151709,28.05,17178,27.15,28,8802,10547,6692,4217
16,26.869999999999997,19.615416666666665,22.804999999999996,26.78,25.609999999999996,2016/11/30,27.35,151986,27.75,16978,26.8,27.75,10144,11223,6947,4333
17,26.73,19.512083333333333,22.6725,26.580000000000002,25.422499999999996,2016/11/29,27.5,151806,27.65,16666,26.3,26.65,8758,11275,7723,4250
18,26.619999999999997,19.407083333333333,22.543333333333333,26.32,25.279999999999994,2016/11/28,26.55,149654,26.9,16855,26.3,26.3,4102,11107,8004,4096
19,26.669999999999998,19.307499999999997,22.424166666666665,26.034999999999997,25.217499999999994,2016/11/25,26.45,149059,26.7,18127,26.2,26.4,2652,10676,7729,4147
20,26.589999999999996,19.20958333333333,22.29083333333333,25.854999999999997,25.129999999999995,2016/11/24,26.5,148670,26.65,18127,26.1,26.5,3750,10804,7572,4233
21,26.689999999999998,19.112916666666663,22.157500000000002,25.744999999999997,25.0525,2016/11/23,26.65,147947,27.8,18280,26.25,26.9,11914,11442,7799,4328
22,26.43,19.015416666666667,22.01833333333333,25.419999999999998,24.967499999999998,2016/11/22,26.95,148204,27.05,18699,26.35,27.05,6438,10824,7138,4381
23,26.02,18.915416666666665,21.88,25.18,24.79,2016/11/21,26.8,147202,26.85,18899,25.9,26.1,9627,10623,7387,4264
24,25.4,18.817083333333333,21.737499999999997,24.874999999999996,24.585,2016/11/18,26.05,144291,26.95,19180,26.05,26.95,12956,10008,8878,3968
25,25.119999999999997,18.725,21.60833333333333,24.699999999999996,24.432499999999997,2016/11/17,27,148909,27,19143,25.55,25.55,18681,9017,7757,4311
26,24.8,18.623749999999998,21.462499999999995,24.439999999999998,24.235,2016/11/16,25.35,146772,26.05,19416,25.15,25.25,13916,8443,7955,3605
27,24.409999999999997,18.535416666666666,21.331666666666663,24.264999999999997,24.107499999999998,2016/11/15,24.9,148220,24.9,16666,24.05,24.1,7620,8665,7607,3123
28,24.339999999999996,18.452499999999997,21.226666666666667,24.24,23.97,2016/11/14,23.7,148154,24.8,16606,23.55,24.3,5768,7869,7427,2739
29,24.35,18.377499999999998,21.13833333333333,24.4,23.925,2016/11/11,24.65,147804,25.3,17006,24.3,24.7,7266,8033,7615,2986
30,24.279999999999998,18.294166666666666,21.026666666666664,24.404999999999998,23.8475,2016/11/10,25.4,150178,25.7,16606,24,24.65,10491,7627,7721,3331
31,24.08,18.206666666666667,20.891666666666662,24.36,23.7275,2016/11/09,23.4,149064,25.25,15684,22.8,24.6,9177,6358,7981,2530
32,24.119999999999997,18.137083333333337,20.791666666666664,24.515,23.655,2016/11/08,24.55,149686,24.8,15604,23.8,24,5985,6516,7975,3115
33,24.14,18.05666666666667,20.674166666666668,24.4,23.495,2016/11/07,23.75,148282,24.05,15581,22.9,23.85,6039,5747,8037,2866
34,24.45,17.98,20.56,24.294999999999998,23.457500000000003,2016/11/04,24.3,148067,24.45,16031,24,24.2,2430,5760,8350,3113
35,24.53,17.900833333333335,20.439999999999998,24.165,23.34,2016/11/03,24.4,148707,24.5,15955,23.6,23.8,7113,5697,8402,3056
36,24.639999999999997,17.82208333333334,20.3175,24.03,23.215,2016/11/02,23.6,148341,24.55,15825,23.6,24.5,5500,5678,8104,2606
37,24.91,17.750833333333336,20.207499999999996,23.950000000000003,23.115000000000002,2016/11/01,24.65,147006,25.2,15880,24.6,25.05,3421,6103,8330,2845
38,24.66,17.66666666666667,20.08,23.700000000000003,22.92,2016/10/31,25.3,147857,25.35,15835,23.6,24.45,6302,5940,8184,2944
39,24.14,17.57958333333334,19.94,23.450000000000003,22.692500000000003,2016/10/28,24.7,147426,25.15,15955,24.45,24.8,4566,5684,8249,2778
40,23.8,17.499583333333337,19.810833333333335,23.290000000000003,22.517500000000002,2016/10/27,24.95,148629,25.4,15890,24.3,24.95,7146,5520,8186,3036
41,23.42,17.418750000000003,19.66916666666667,23.095000000000002,22.275,2016/10/26,24.95,151164,24.95,15590,23.2,23.4,13207,5011,7353,3143
42,22.990000000000002,17.34041666666667,19.526666666666664,22.795,22.0075,2016/10/25,23.4,148592,23.4,15040,22.45,22.7,5205,4264,7976,2810
43,22.740000000000002,17.275833333333335,19.4125,22.590000000000003,21.805,2016/10/24,22.7,147905,23.05,14690,22.45,22.75,3158,3511,8201,2676
44,22.759999999999998,17.21625,19.308333333333334,22.620000000000005,21.645000000000003,2016/10/21,23,147002,23.1,15033,22.6,23.1,4521,3790,8492,2727
45,22.78,17.15625,19.2,22.515000000000004,21.4625,2016/10/20,23.05,147073,23.5,15348,22.85,23.05,8287,3746,8569,3078
46,22.77,17.095833333333335,19.095000000000002,22.400000000000002,21.267500000000002,2016/10/19,22.8,146771,22.95,15027,22.2,22.35,6970,3575,9508,2832
47,22.6,17.032500000000002,18.991666666666667,22.28,21.052500000000002,2016/10/18,22.15,145462,22.7,15343,22.05,22.5,6691,3672,9593,2571
48,22.440000000000005,16.97416666666667,18.900833333333335,22.14,20.8475,2016/10/17,22.8,145665,23.6,15953,22.65,23.55,5391,3753,8982,2856
49,22.48,16.915833333333335,18.79666666666667,21.935,20.6125,2016/10/14,23.1,147360,23.45,15941,22.5,23,10109,3769,8128,2875
50,22.250000000000004,16.854583333333338,18.679166666666667,21.744999999999997,20.38,2016/10/13,23,146903,23.2,15224,21.95,22,10510,3840,8086,2919
51,22.029999999999998,16.79416666666667,18.5575,21.455,20.195,2016/10/12,21.95,145645,22,14095,21,21,5279,3549,7874,2029
52,21.96,16.74125,18.453333333333333,21.22,20.067500000000003,2016/10/11,21.35,143408,22.45,14172,20.75,22.45,9000,3772,8328,1710
53,21.84,16.695833333333336,18.354166666666668,21.02,19.97,2016/10/07,23,143939,23,13501,22.05,22.05,8643,3723,8358,1964
54,21.39,16.637083333333337,18.22666666666667,20.669999999999998,19.7925,2016/10/06,21.95,143040,22.2,13828,21.7,22.2,5086,3589,7630,1741
55,21.240000000000002,16.586250000000003,18.11416666666667,20.41,19.67,2016/10/05,21.9,141750,21.9,13058,21.35,21.5,3810,3794,7809,1670
56,20.880000000000003,16.53708333333334,18.000833333333336,20.134999999999998,19.590000000000003,2016/10/04,21.6,141490,21.8,12908,20.9,20.95,6985,3812,7620,1638
57,20.48,16.49291666666667,17.893333333333334,19.825,19.48,2016/10/03,20.75,139643,21.3,12568,20.75,21,5517,4277,7669,1316
58,20.200000000000003,16.45666666666667,17.80666666666667,19.555,19.43,2016/09/30,20.75,137322,21.5,12568,20.75,21.1,6969,4418,7914,1274
59,19.950000000000003,16.423333333333336,17.71916666666667,19.29,19.3625,2016/09/29,21.2,136525,21.75,13523,20.4,20.4,15341,4363,8171,1324
60,19.580000000000002,16.383333333333336,17.624166666666667,19.015,19.225,2016/09/26,20.1,133207,20.2,12743,19.8,19.8,6604,3339,7999,990
61,19.389999999999997,16.35166666666667,17.548333333333336,18.935,19.145,2016/09/23,19.6,131585,19.75,12533,19.35,19.5,2926,3426,8062,812
62,19.169999999999998,16.322083333333335,17.48166666666667,18.915,19.08,2016/09/22,19.35,130450,19.85,12533,19.35,19.7,3416,3310,8171,757
63,18.910000000000004,16.29375,17.40666666666667,18.919999999999998,19.044999999999998,2016/09/21,19.5,130647,19.6,12273,19.3,19.4,4002,3467,7948,722
64,18.630000000000003,16.264583333333334,17.3275,18.915,18.982499999999998,2016/09/20,19.35,130487,19.6,12173,19.1,19.25,4746,3432,8330,703
65,18.450000000000003,16.238333333333333,17.249166666666667,18.93,18.93,2016/09/19,19.15,129927,19.15,12173,18.55,18.75,7824,3401,8532,609
66,18.479999999999997,16.21291666666667,17.176666666666666,19.044999999999998,18.884999999999998,2016/09/14,18.5,126017,18.7,12173,18.1,18.1,7473,3250,9022,554
67,18.66,16.191250000000004,17.115000000000002,19.134999999999998,18.834999999999997,2016/09/13,18.05,124602,18.4,12023,18,18.35,6472,2425,9563,472
68,18.93,16.173750000000002,17.055,19.305,18.862499999999997,2016/09/12,18.1,123160,18.6,12023,18,18.6,8535,2285,8746,507
69,19.2,16.15791666666667,16.9925,19.435,18.877499999999998,2016/09/10,18.45,122062,19.05,13003,18.45,19,7554,2745,8618,498
70,19.41,16.139583333333334,16.925,19.435,18.8525,2016/09/09,19.3,122062,19.5,13003,19.25,19.5,3728,3822,8331,706
71,19.61,16.112083333333334,16.839166666666667,19.354999999999997,18.752499999999998,2016/09/08,19.4,121172,19.6,12763,19.2,19.5,4822,3772,8228,794
72,19.61,16.080833333333334,16.756666666666668,19.244999999999997,18.652499999999996,2016/09/07,19.4,120127,19.8,13070,19.2,19.55,8322,3148,8563,746
73,19.68,16.05,16.673333333333332,19.169999999999998,18.557499999999997,2016/09/06,19.45,117106,19.85,14300,19.15,19.75,8436,3021,8750,736
74,19.669999999999998,16.014583333333334,16.592499999999998,19.049999999999997,18.43,2016/09/05,19.5,114698,21.2,14634,18.95,20.45,15391,3336,7987,734
75,19.46,15.978750000000002,16.514166666666668,18.93,18.31,2016/09/02,20.3,114260,20.45,14512,19.6,19.6,10404,1942,7379,1127
76,19.1,15.931250000000002,16.425833333333333,18.724999999999998,18.1475,2016/09/01,19.4,111082,19.8,14205,19.35,19.8,4585,1879,6895,689
77,18.88,15.89166666666667,16.351666666666667,18.535,18.0275,2016/08/31,19.75,110601,19.85,13003,19.3,19.8,8429,1922,7025,749
78,18.66,15.849166666666669,16.270833333333332,18.419999999999998,17.89,2016/08/30,19.4,106242,19.65,12968,18.6,18.75,13267,2712,7123,673
79,18.43,15.81166666666667,16.190833333333334,18.32,17.765,2016/08/29,18.45,101725,18.85,11772,18.35,18.7,3880,1844,7120,400
80,18.4,15.782500000000002,16.128333333333334,18.27,17.69,2016/08/26,18.5,100233,18.7,11772,18.4,18.45,3780,1976,7114,397
81,18.349999999999998,15.752500000000003,16.068333333333335,18.15,17.5875,2016/08/25,18.3,99224,18.85,11549,18.25,18.8,5243,1920,7393,354
82,18.19,15.723750000000003,16.0125,18.06,17.4925,2016/08/24,18.65,98165,18.75,11964,18.15,18.25,7874,2065,7254,447
83,18.18,15.692916666666669,15.950833333333334,17.945,17.3875,2016/08/23,18.25,93101,18.5,12465,18,18.35,5498,1611,7525,286
84,18.21,15.664583333333335,15.896666666666668,17.81,17.2975,2016/08/22,18.3,91278,18.95,12915,18.15,18.45,10481,1545,7359,293
85,18.14,15.634583333333335,15.841666666666667,17.689999999999998,17.2075,2016/08/19,18.25,89051,18.6,13225,17.6,17.65,9409,2202,6672,225
86,17.95,15.600833333333336,15.785,17.57,17.1325,2016/08/18,17.5,86312,17.65,13329,17.3,17.5,12280,1865,5926,53
87,17.93,15.574583333333335,15.739166666666668,17.52,17.0875,2016/08/17,18.6,78341,18.85,13580,18.4,18.5,9023,2103,5886,0
88,17.71,15.53791666666667,15.678333333333335,17.36,16.9925,2016/08/16,18.4,76873,18.65,13580,18.1,18.1,7876,2311,7527,0
89,17.41,15.501666666666669,15.616666666666667,17.21,16.9,2016/08/15,17.95,74716,18.2,13582,17.7,17.9,6192,2001,7071,0
90,17.24,15.469166666666668,15.561666666666667,17.11,16.805,2016/08/12,17.3,75122,17.6,12289,17.1,17.5,2533,1766,6574,0
91,17.189999999999998,15.444166666666668,15.521666666666667,17.025,16.724999999999998,2016/08/11,17.4,75899,17.9,12290,17.35,17.45,6360,1697,5825,111
92,17.109999999999996,15.415833333333333,15.482499999999998,16.924999999999997,16.639999999999997,2016/08/10,17.5,76629,17.65,12022,16.95,16.95,8216,1064,6363,173
93,17.009999999999998,15.387916666666667,15.439166666666665,16.83,16.534999999999997,2016/08/09,16.9,76634,17.25,12022,16.9,17.1,2510,884,6294,168
94,17.009999999999998,15.3625,15.4,16.785,16.457499999999996,2016/08/08,17.1,77396,17.25,11511,17,17.1,2141,1570,6293,169
95,16.979999999999997,15.33125,15.361666666666666,16.724999999999998,16.362499999999997,2016/08/05,17.05,78248,17.35,11512,17.05,17.15,3026,1626,6485,190
96,16.86,15.301666666666668,15.326666666666666,16.695,16.264999999999997,2016/08/04,17,78848,17.15,11236,16.9,17.05,2187,1705,6522,192
97,16.740000000000002,15.275833333333335,15.294166666666666,16.654999999999998,16.172499999999996,2016/08/03,17,78856,17.1,11036,16.7,16.9,2141,1962,6647,193
98,16.65,15.252500000000001,15.253333333333332,16.624999999999996,16.099999999999998,2016/08/02,16.9,78642,17.1,11038,16.7,17.1,2141,2195,6574,198
99,16.56,15.227500000000001,15.219166666666666,16.589999999999996,16.029999999999998,2016/08/01,16.95,78663,17.05,10838,16.45,16.45,4722,2210,6676,216
100,16.47,15.200833333333334,15.188333333333333,16.5,15.9575,2016/07/29,16.45,78250,16.45,10469,16.35,16.4,1434,1310,5905,206
101,16.53,15.177500000000002,15.168333333333331,16.425,15.9125,2016/07/28,16.4,78263,16.6,10622,16.3,16.55,2574,1310,5936,205
102,16.57,15.1575,15.154166666666665,16.355,15.872499999999999,2016/07/27,16.55,78373,16.6,10922,16.45,16.45,1655,1329,6110,191
103,16.6,15.137083333333333,15.139166666666664,16.240000000000002,15.7875,2016/07/26,16.45,78441,16.6,10723,16.4,16.5,1568,1370,6168,213
104,16.619999999999997,15.112083333333334,15.124166666666664,16.130000000000003,15.702499999999997,2016/07/25,16.5,78696,16.9,10523,16.45,16.75,2422,1440,6239,215
105,16.529999999999998,15.083333333333334,15.112499999999995,16.0,15.61,2016/07/22,16.75,78783,16.8,10323,16.55,16.65,1792,1464,6244,202
106,16.32,15.051250000000001,15.096666666666662,15.834999999999999,15.5125,2016/07/21,16.6,78856,16.95,10327,16.5,16.7,4856,1504,6136,187
107,16.139999999999997,15.019583333333335,15.073333333333329,15.690000000000001,15.4225,2016/07/20,16.7,79043,16.75,10039,16.45,16.55,5284,1481,6201,182
108,15.879999999999999,14.987083333333334,15.047499999999994,15.575,15.309999999999999,2016/07/19,16.55,78827,16.65,8888,16.1,16.25,8541,1480,6190,177
109,15.64,14.951666666666666,15.034999999999995,15.469999999999999,15.2,2016/07/18,16.05,78187,16.2,7935,15.75,15.85,4787,1478,5991,147
110,15.469999999999999,14.922500000000001,15.029999999999996,15.414999999999997,15.117499999999998,2016/07/15,15.7,78076,15.9,6593,15.65,15.9,2614,1213,6287,137
111,15.35,14.902916666666666,15.030833333333328,15.4,15.040000000000001,2016/07/14,15.7,78447,15.8,6593,15.25,15.3,2912,1160,6765,164
112,15.24,14.884166666666665,15.029166666666661,15.389999999999997,14.977500000000001,2016/07/13,15.4,78423,15.45,6593,15.2,15.35,1385,958,7045,230
113,15.27,14.866249999999999,15.037499999999994,15.334999999999999,14.9275,2016/07/12,15.35,78739,15.5,6537,15.25,15.4,1589,902,7034,237
114,15.3,14.851249999999999,15.047499999999994,15.275,14.89,2016/07/11,15.2,78692,15.4,6537,15.15,15.15,1226,882,6768,230
115,15.36,14.835416666666665,15.058333333333328,15.219999999999999,14.870000000000001,2016/07/07,15.1,78710,15.25,6348,15.05,15.2,1327,880,6787,228
116,15.45,14.830416666666666,15.073333333333327,15.190000000000001,14.865,2016/07/06,15.15,78823,15.5,6348,15.1,15.5,2147,841,6830,228
117,15.540000000000001,14.828749999999998,15.092499999999994,15.155000000000001,14.855,2016/07/05,15.55,79211,15.65,6348,15.45,15.55,1545,1019,6805,244
118,15.4,14.822083333333332,15.10666666666666,15.044999999999998,14.8225,2016/07/04,15.5,79380,15.65,6348,15.4,15.4,2019,1004,6775,253
119,15.25,14.818749999999998,15.127499999999994,14.930000000000001,14.7775,2016/07/01,15.5,79560,15.7,6348,15.45,15.55,2241,947,6745,168
120,15.080000000000002,14.813749999999999,15.142499999999993,14.820000000000002,14.7375,2016/06/30,15.55,79782,15.7,6348,15.4,15.55,3580,945,6855,183
121,14.930000000000001,14.807083333333333,15.154999999999994,14.680000000000001,14.705000000000002,2016/06/29,15.6,80370,15.65,5666,15.05,15.05,7379,745,7173,180
122,14.770000000000001,14.8,15.162499999999994,14.565000000000001,14.6725,2016/06/28,14.85,80684,15,4789,14.65,14.65,1710,605,7033,153
123,14.690000000000001,14.800416666666667,15.180833333333329,14.520000000000001,14.6775,2016/06/27,14.75,81170,14.9,4489,14.55,14.6,1774,485,7150,162
124,14.61,14.801666666666668,15.20166666666666,14.505,14.690000000000001,2016/06/24,14.65,81612,15,4393,14.55,14.9,2467,484,6913,155
125,14.559999999999999,14.804583333333333,15.227499999999994,14.520000000000001,14.7075,2016/06/23,14.8,81366,14.95,4392,14.7,14.85,1956,570,7123,159
126,14.430000000000001,14.806666666666667,15.24916666666666,14.540000000000001,14.709999999999999,2016/06/22,14.8,81510,14.85,4250,14.5,14.5,3509,570,7296,202
127,14.36,14.80625,15.267499999999993,14.555000000000001,14.7075,2016/06/21,14.45,81181,14.5,4250,14.35,14.35,1197,570,7484,308
128,14.35,14.806666666666667,15.292499999999993,14.600000000000003,14.732499999999998,2016/06/20,14.35,81417,14.45,4250,14.35,14.4,1024,555,7496,335
129,14.4,14.80625,15.323333333333325,14.625000000000004,14.75,2016/06/17,14.4,81615,14.4,4250,14.2,14.3,1719,518,7457,406
130,14.48,14.807916666666667,15.354166666666659,14.655000000000001,14.7625,2016/06/16,14.15,81182,14.5,4550,14.15,14.5,2437,526,7529,350
131,14.65,14.80125,15.384999999999993,14.73,14.8,2016/06/15,14.45,81726,14.5,4877,14.35,14.4,2119,526,7458,214
132,14.75,14.79125,15.404999999999994,14.780000000000001,14.830000000000002,2016/06/14,14.4,81381,14.6,5877,14.3,14.55,3681,526,7423,188
133,14.85,14.786249999999999,15.426666666666659,14.834999999999999,14.855,2016/06/13,14.6,82193,14.7,6177,14.55,14.65,1713,524,7070,630
134,14.85,14.78,15.43666666666666,14.875,14.852500000000001,2016/06/08,14.8,82394,14.9,6477,14.75,14.85,2331,524,7068,952
135,14.830000000000002,14.768333333333334,15.443333333333326,14.895,14.852500000000001,2016/06/07,15,82841,15.1,6477,14.95,15,1587,694,7209,1225
136,14.809999999999999,14.757083333333332,15.436666666666659,14.879999999999999,14.85,2016/06/06,14.95,82851,15.1,6777,14.9,15,2148,693,7297,1303
137,14.809999999999999,14.75,15.43166666666666,14.86,14.855,2016/06/04,14.9,82888,14.9,6927,14.6,14.6,964,648,7271,1706
138,14.819999999999999,14.74375,15.427499999999991,14.864999999999998,14.837500000000002,2016/06/03,14.6,82888,14.75,6625,14.6,14.65,1209,548,7307,1707
139,14.9,14.742916666666666,15.432499999999992,14.874999999999996,14.850000000000003,2016/06/02,14.7,83034,14.95,6625,14.7,14.95,1336,548,7286,1696
140,14.959999999999999,14.740416666666667,15.436666666666659,14.87,14.870000000000005,2016/06/01,14.9,83246,15,6625,14.8,14.85,1481,538,7291,1696
141,14.95,14.737083333333334,15.436666666666659,14.87,14.887500000000006,2016/05/31,14.95,83363,14.95,6925,14.8,14.9,865,538,7182,1701
142,14.91,14.732083333333332,15.434999999999992,14.88,14.917500000000004,2016/05/30,14.95,83224,15.05,7125,14.9,15,793,538,7256,1711
143,14.91,14.725833333333332,15.434999999999992,14.875,14.952500000000004,2016/05/27,15,83344,15.1,7125,14.95,15.05,1216,538,7207,1720
144,14.85,14.722083333333334,15.432499999999992,14.830000000000002,14.980000000000004,2016/05/26,15,83480,15.05,7125,14.8,14.95,2466,538,7273,1695
145,14.780000000000001,14.71625,15.427499999999991,14.809999999999999,15.020000000000005,2016/05/25,14.85,83009,14.9,7125,14.75,14.85,1600,538,7110,1178
146,14.790000000000001,14.714583333333334,15.416666666666657,14.820000000000002,15.067500000000004,2016/05/24,14.75,82541,15,7428,14.65,15,1780,538,7115,1180
147,14.850000000000003,14.719583333333333,15.409999999999991,14.85,15.090000000000003,2016/05/23,14.95,82565,15,7428,14.65,14.7,1207,538,7170,1182
148,14.84,14.719166666666666,15.39749999999999,14.809999999999999,15.100000000000005,2016/05/20,14.7,82688,14.8,7428,14.65,14.65,569,538,7167,1178
149,14.810000000000002,14.7225,15.386666666666658,14.825,15.155000000000005,2016/05/19,14.65,82711,14.9,7428,14.65,14.9,937,538,7137,1176
150,14.84,14.72625,15.37666666666666,14.87,15.210000000000004,2016/05/18,14.9,82798,15,7428,14.8,15,791,538,7254,1197
151,14.85,14.732083333333334,15.366666666666658,14.904999999999998,15.252500000000003,2016/05/17,15.05,83093,15.1,7428,14.85,14.9,1281,520,7208,1199
152,14.85,14.735833333333336,15.34916666666666,14.954999999999998,15.280000000000005,2016/05/16,14.9,83166,14.95,7428,14.3,14.4,1411,473,7371,1488
153,14.779999999999998,14.735000000000001,15.33666666666666,15.029999999999998,15.330000000000004,2016/05/13,14.55,82539,14.85,7428,14.4,14.8,1376,471,7478,1479
154,14.84,14.744166666666668,15.324999999999992,15.129999999999999,15.400000000000002,2016/05/12,14.8,82699,14.95,7428,14.75,14.9,821,471,7456,1541
155,14.9,14.754166666666666,15.300833333333326,15.229999999999999,15.4525,2016/05/11,14.95,82753,15.1,7428,14.85,15.1,1247,471,7603,1533
156,14.959999999999999,14.758333333333333,15.27666666666666,15.314999999999998,15.505,2016/05/10,15.05,82806,15.05,7428,14.4,14.45,2254,471,7565,1518
157,15.059999999999999,14.760416666666666,15.257499999999993,15.329999999999998,15.5675,2016/05/09,14.55,81804,15,7673,14.55,14.9,2118,471,7775,1375
158,15.280000000000001,14.772083333333335,15.251666666666662,15.39,15.66,2016/05/06,14.85,81541,15.15,8221,14.85,15.1,2106,463,7730,1185
159,15.419999999999998,14.780416666666667,15.235833333333327,15.485,15.754999999999999,2016/05/05,15.1,81877,15.35,8763,15,15.15,2115,463,7618,1285
160,15.559999999999999,14.783333333333335,15.213333333333328,15.55,15.819999999999997,2016/05/04,15.25,81610,15.45,9372,15.15,15.45,1627,463,7539,1320
161,15.669999999999998,14.784166666666668,15.18666666666666,15.6,15.872499999999997,2016/05/03,15.55,81815,15.65,9572,15.4,15.65,1071,463,7551,1204
162,15.6,14.780000000000001,15.160833333333327,15.605,15.897499999999997,2016/04/29,15.65,81847,15.75,9772,15.35,15.35,1475,463,7546,1269
163,15.5,14.769166666666669,15.134999999999994,15.63,15.912499999999998,2016/04/28,15.55,81265,15.9,9772,15.45,15.85,1775,464,7709,1263
164,15.55,14.755416666666669,15.099999999999996,15.670000000000002,15.934999999999997,2016/04/27,15.8,81838,15.9,10022,15.65,15.65,1849,471,7654,1293
165,15.540000000000001,14.739583333333336,15.054166666666664,15.675,15.954999999999998,2016/04/26,15.8,81992,15.8,10222,15.3,15.35,4839,471,7590,1345
166,15.530000000000001,14.722083333333336,15.00583333333333,15.695000000000002,15.969999999999995,2016/04/25,15.2,79584,15.3,10483,15.05,15.15,2788,546,7992,1093
167,15.61,14.71166666666667,14.965833333333329,15.805000000000001,16.005,2016/04/22,15.15,78375,15.95,10683,15,15.85,6703,535,8365,1170
168,15.76,14.703750000000005,14.92666666666666,15.930000000000001,16.044999999999995,2016/04/21,15.8,78631,16.15,11567,15.7,15.8,4286,458,7892,989
169,15.790000000000001,14.690416666666671,14.868333333333329,16.025,16.064999999999994,2016/04/20,15.75,78893,16.05,11567,15.6,15.85,3366,432,7310,936
170,15.809999999999999,14.678333333333338,14.814999999999994,16.09,16.089999999999996,2016/04/19,15.75,77910,15.8,11682,15.55,15.7,1840,464,7574,965
171,15.86,14.66291666666667,14.774999999999995,16.145,16.102499999999996,2016/04/18,15.6,77371,15.9,11682,15.55,15.9,3090,477,7634,920
172,15.999999999999996,14.651250000000005,14.73916666666666,16.19,16.104999999999997,2016/04/15,15.9,77265,16.1,11973,15.85,15.95,2920,672,7753,804
173,16.099999999999998,14.636666666666672,14.694999999999995,16.195,16.094999999999995,2016/04/14,15.95,76912,16.1,12768,15.85,16.05,2314,932,7718,720
174,16.259999999999998,14.623333333333337,14.654999999999994,16.2,16.057499999999997,2016/04/13,15.85,76472,16.3,13007,15.8,16.1,3598,932,7633,497
175,16.369999999999997,14.613333333333337,14.612499999999992,16.235,16.024999999999995,2016/04/12,16,75906,16.4,13230,16,16.4,2915,902,7527,0
176,16.43,14.603750000000003,14.587499999999993,16.244999999999997,15.954999999999995,2016/04/11,16.3,76052,16.5,13230,16.2,16.45,1674,781,7865,0
177,16.380000000000003,14.590000000000003,14.564999999999994,16.205000000000002,15.872499999999993,2016/04/08,16.4,76429,16.6,13230,16.3,16.6,1837,781,7877,0
178,16.29,14.57041666666667,14.537499999999994,16.16,15.784999999999993,2016/04/07,16.75,77096,16.8,13230,16.4,16.5,4605,781,7785,1
179,16.139999999999997,14.549583333333338,14.509999999999994,16.104999999999997,15.692499999999992,2016/04/06,16.4,76845,16.4,13230,16.05,16.25,2967,782,7218,255
180,16.1,14.529583333333338,14.484999999999994,16.089999999999996,15.619999999999994,2016/04/01,16.3,76787,16.5,13230,16.05,16.1,5429,785,7108,318
181,16.060000000000002,14.50916666666667,14.459166666666663,16.06,15.549999999999997,2016/03/31,16.05,75581,16.15,12830,15.8,16.1,1721,966,7276,365
182,16.03,14.487916666666672,14.437499999999996,16.020000000000003,15.489999999999995,2016/03/30,15.95,74867,16.3,12363,15.85,16,3094,900,7356,382
183,16.03,14.465000000000005,14.419999999999995,15.995000000000001,15.439999999999994,2016/03/29,16,73765,16.2,12363,15.8,16.2,2069,816,7469,505
184,16.07,14.437500000000005,14.401666666666664,15.915000000000001,15.382499999999997,2016/03/28,16.2,73918,16.2,12363,15.85,16.1,1872,795,7848,434
185,16.080000000000002,14.409166666666671,14.381666666666662,15.815000000000001,15.307499999999996,2016/03/25,16.1,73288,16.35,12163,15.8,15.95,2413,793,7868,455
186,16.06,14.381666666666671,14.364166666666664,15.665000000000001,15.212499999999995,2016/03/24,15.9,72470,16,12163,15.65,15.95,2607,893,7794,386
187,16.009999999999998,14.359583333333338,14.344999999999995,15.540000000000001,15.134999999999994,2016/03/23,15.95,71237,16.3,12163,15.9,16.25,1839,1113,7988,396
188,15.959999999999999,14.336666666666671,14.32083333333333,15.41,15.047499999999994,2016/03/22,16.2,70872,16.3,12163,16.05,16.25,2795,1135,7875,387
189,15.76,14.311666666666671,14.289166666666663,15.280000000000001,14.939999999999998,2016/03/21,16.25,70091,16.4,12163,15.8,16,5482,1207,7791,432
190,15.55,14.288750000000004,14.261666666666663,15.15,14.829999999999998,2016/03/18,16,68411,16,12163,15.6,15.7,3895,1045,8277,392
191,15.270000000000001,14.267916666666672,14.217499999999996,15.040000000000001,14.745,2016/03/17,15.65,67947,16.2,12163,15.6,16,5742,945,8408,407
192,15.070000000000002,14.248333333333337,14.177499999999998,14.959999999999999,14.662499999999998,2016/03/16,15.7,68200,15.9,12365,15.3,15.3,6330,965,8346,428
193,14.86,14.225000000000003,14.14583333333333,14.885,14.584999999999999,2016/03/15,15.2,67068,15.45,11831,15.2,15.25,4190,821,8039,356
194,14.8,14.205833333333338,14.123333333333331,14.85,14.517499999999998,2016/03/14,15.2,66433,15.5,11831,15.15,15.25,7654,1169,8410,330
195,14.75,14.187083333333337,14.093333333333332,14.8,14.425,2016/03/11,14.6,64535,14.7,11937,14.45,14.7,1747,1595,7983,233
196,14.809999999999999,14.173750000000005,14.077499999999997,14.76,14.37,2016/03/10,14.65,63991,14.7,11937,14.5,14.65,2826,1562,8095,202
197,14.85,14.16166666666667,14.068333333333332,14.729999999999999,14.3325,2016/03/09,14.65,63657,14.9,12337,14.45,14.9,2901,1562,8141,218
198,14.91,14.146250000000004,14.059999999999999,14.684999999999999,14.309999999999999,2016/03/08,14.9,63380,15.4,12837,14.9,15.1,4672,1692,8411,227
199,14.9,14.13166666666667,14.053333333333331,14.6,14.26,2016/03/07,14.95,63403,15.35,12837,14.9,14.9,4205,1119,8187,242
200,14.85,14.115833333333336,14.044166666666664,14.510000000000002,14.2,2016/03/04,14.9,63860,15.05,12700,14.85,14.95,1861,1273,8223,291
201,14.709999999999999,14.100000000000001,14.037499999999998,14.45,14.1375,2016/03/03,14.85,63832,15.15,12886,14.8,15.05,2434,1329,8092,266
202,14.61,14.084583333333336,14.029166666666665,14.365,14.094999999999999,2016/03/02,14.95,64230,15.15,12886,14.85,14.95,3335,1309,8209,278
203,14.459999999999999,14.067083333333334,14.016666666666664,14.285000000000002,14.0525,2016/03/01,14.85,63682,15.05,12886,14.6,14.7,2935,1400,8303,280
204,14.3,14.04916666666667,14.011666666666663,14.184999999999999,13.982499999999998,2016/02/26,14.7,63942,14.8,12786,14.3,14.4,4000,1231,8645,240
205,14.169999999999998,14.02791666666667,14.004999999999999,14.05,13.9,2016/02/25,14.2,63506,14.4,12786,14.2,14.3,1382,1324,8628,242
206,14.189999999999998,14.005833333333335,14.012499999999998,13.98,13.834999999999999,2016/02/24,14.35,63538,14.35,12786,14.15,14.3,3306,1324,8703,250
207,14.12,13.980000000000002,14.029166666666665,13.935000000000002,13.757499999999999,2016/02/23,14.2,63212,14.4,12786,14.15,14.25,2065,1401,8790,969
208,14.11,13.954583333333337,14.04083333333333,13.935000000000002,13.6875,2016/02/22,14.05,63000,14.2,12669,14.05,14.1,1539,1435,8915,950
209,14.070000000000002,13.928750000000004,14.058333333333332,13.920000000000002,13.6,2016/02/19,14.05,63184,14.25,12669,14,14.2,1406,1430,9063,955
210,13.930000000000001,13.912083333333337,14.075833333333332,13.890000000000004,13.525,2016/02/18,14.3,63543,14.35,12669,14.1,14.15,3609,1397,9037,1010
211,13.77,13.895000000000005,14.097499999999998,13.825,13.477499999999997,2016/02/17,14,63861,14.15,12669,13.85,14.1,2040,1358,9086,931
212,13.75,13.877916666666671,14.122499999999999,13.825,13.45,2016/02/16,14.15,63915,14.2,12569,13.85,13.85,4136,1357,9235,1265
213,13.76,13.860833333333337,14.133333333333333,13.820000000000002,13.404999999999998,2016/02/15,13.85,64619,13.95,12377,13.4,13.4,3126,1034,9172,1545
214,13.77,13.84541666666667,14.163333333333332,13.780000000000001,13.389999999999997,2016/02/03,13.35,64274,13.65,12377,13.35,13.5,3170,1056,9130,1671
215,13.85,13.82958333333334,14.207499999999998,13.75,13.3875,2016/02/02,13.5,64111,13.8,12242,13.4,13.8,3972,1026,9412,1912
216,13.88,13.812500000000005,14.239999999999998,13.690000000000003,13.4375,2016/02/01,13.9,63772,14.3,11917,13.8,14.3,2053,1005,9007,2098
217,13.9,13.792916666666672,14.26333333333333,13.580000000000002,13.489999999999998,2016/01/30,14.2,63936,14.25,11821,13.95,14.2,2890,1015,8876,2066
218,13.88,13.770416666666671,14.292499999999997,13.440000000000001,13.517499999999998,2016/01/29,13.9,63936,13.95,11817,13.65,13.8,2406,1112,9034,2030
219,13.790000000000001,13.74791666666667,14.324999999999998,13.280000000000001,13.5775,2016/01/28,13.75,64750,13.95,11817,13.7,13.75,1958,1068,9215,2042
220,13.65,13.723333333333336,14.353333333333332,13.16,13.635,2016/01/27,13.65,65131,14.3,11817,13.65,14.25,2586,972,9053,2070
221,13.5,13.701250000000003,14.381666666666666,13.13,13.689999999999998,2016/01/26,14,65938,14.05,11817,13.85,14,2621,844,8792,2084
222,13.26,13.67666666666667,14.399166666666666,13.075,13.727499999999997,2016/01/25,14.1,66726,14.45,11817,13.65,13.65,6137,880,8692,2039
223,13.0,13.647500000000003,14.403333333333332,12.99,13.767499999999998,2016/01/22,13.45,67575,13.65,11617,13.15,13.3,5150,1464,8378,2170
224,12.77,13.627083333333335,14.410833333333331,13.0,13.839999999999998,2016/01/21,13.05,68928,13.15,11282,12.7,12.9,2139,1513,7452,2154
225,12.669999999999998,13.608750000000002,14.424999999999999,13.025,13.9375,2016/01/20,12.9,69377,13.25,10915,12.55,12.8,3428,1892,7204,2619
226,12.76,13.588333333333335,14.438333333333333,13.184999999999999,14.044999999999998,2016/01/19,12.8,69754,12.85,10918,12.5,12.8,1904,1843,7499,2629
227,12.889999999999997,13.568750000000001,14.457500000000001,13.4,14.142499999999998,2016/01/18,12.8,70531,12.85,10709,12,12,3804,1588,7524,2731
228,12.979999999999999,13.54916666666667,14.480833333333335,13.594999999999999,14.227500000000001,2016/01/15,12.3,70450,12.75,11307,12.1,12.75,3438,1310,7812,2800
229,13.229999999999999,13.530833333333335,14.512500000000005,13.875,14.3275,2016/01/14,12.55,71014,13.1,11660,12.55,13.1,3760,1313,7859,2753
230,13.379999999999999,13.512500000000001,14.54166666666667,14.11,14.430000000000001,2016/01/13,13.35,72663,13.5,11660,13.2,13.45,2612,1103,7822,2743
231,13.61,13.48791666666667,14.550833333333337,14.25,14.430000000000001,2016/01/12,13.45,74125,13.65,11660,13.35,13.35,2417,941,7800,2768
232,13.91,13.462500000000004,14.563333333333336,14.38,14.419999999999998,2016/01/11,13.25,73999,13.5,11610,13.2,13.3,2010,543,8251,2756
233,14.209999999999999,13.438333333333336,14.578333333333337,14.545000000000002,14.447500000000002,2016/01/08,13.55,74132,13.6,11610,13.25,13.4,2134,786,8264,2798
234,14.520000000000001,13.41291666666667,14.59166666666667,14.680000000000001,14.4625,2016/01/07,13.3,73680,14.4,11610,13.05,14.3,6966,1098,8411,2794
235,14.84,13.389166666666672,14.614166666666671,14.85,14.467500000000001,2016/01/06,14.5,74377,15,11510,14.3,14.95,2014,2044,8051,3340
236,14.89,13.35416666666667,14.620000000000005,14.905000000000001,14.425,2016/01/05,14.95,74754,15.05,11510,14.7,14.8,1358,2034,8087,3524
237,14.85,13.316250000000004,14.615000000000004,14.885,14.382499999999999,2016/01/04,14.75,74638,15.45,11510,14.7,15.45,2641,1984,8272,3560
238,14.88,13.281250000000004,14.603333333333335,14.86,14.352500000000001,2015/12/31,15.1,73967,15.35,11560,15,15,2448,1814,8280,3633
239,14.84,13.243750000000004,14.589166666666669,14.780000000000001,14.3225,2015/12/30,14.9,73060,15.1,8789,14.9,14.9,3033,1818,8307,3580
240,14.86,13.206250000000004,14.574166666666668,14.75,14.2975,2015/12/29,14.75,71442,14.95,8689,14.7,14.8,2256,1684,8540,3432
241,14.919999999999998,13.170416666666672,14.55916666666667,14.61,14.285,2015/12/28,14.75,70316,14.9,8602,14.65,14.9,1348,1587,8707,3454
242,14.919999999999998,13.137500000000005,14.538333333333336,14.459999999999999,14.264999999999997,2015/12/25,14.9,69883,15.2,8905,14.8,14.9,3317,1536,8944,3435
243,14.839999999999998,13.103333333333337,14.510000000000002,14.35,14.229999999999999,2015/12/24,14.9,69968,15.5,8905,14.9,15.2,4209,1536,8485,3437
244,14.719999999999999,13.07041666666667,14.473333333333336,14.245,14.2125,2015/12/23,15,69931,15.2,8655,14.85,15.15,2470,1424,8155,2894
245,14.639999999999997,13.036250000000003,14.43666666666667,14.084999999999999,14.177499999999998,2015/12/22,15.05,69828,15.75,8205,14.9,15,8071,1429,8201,2964
246,14.3,13.002083333333335,14.39916666666667,13.945000000000002,14.157499999999999,2015/12/21,14.75,70378,14.8,7370,14.5,14.5,3445,1023,8173,3007
247,14.0,12.970416666666669,14.37416666666667,13.88,14.1875,2015/12/18,14.5,69794,14.5,6970,14.05,14.1,3118,764,8516,2973
248,13.86,12.940000000000003,14.352500000000003,13.845000000000002,14.2075,2015/12/17,14.3,68703,14.45,7270,14.1,14.3,4488,489,8923,2917
249,13.770000000000001,12.914166666666668,14.33416666666667,13.865,14.247499999999999,2015/12/16,14.6,70294,14.65,7070,13.45,13.5,8883,488,8529,3016
250,13.530000000000001,12.887083333333335,14.315833333333336,13.845000000000002,14.272499999999999,2015/12/15,13.35,70320,13.5,5927,13.15,13.4,2046,226,8635,3220
251,13.59,12.870833333333335,14.318333333333337,13.959999999999999,14.385,2015/12/14,13.25,69995,13.8,5927,13.25,13.6,2298,459,8756,3201
252,13.76,12.857500000000003,14.31916666666667,14.070000000000002,14.497499999999999,2015/12/11,13.8,70466,14.05,6227,13.6,13.95,2580,460,8465,3214
253,13.830000000000002,12.837500000000002,14.30416666666667,14.11,14.5475,2015/12/10,13.85,70711,13.95,6227,13.25,13.4,2727,464,8772,3623
254,13.959999999999999,12.816666666666668,14.288333333333336,14.180000000000001,14.6375,2015/12/09,13.4,70043,13.65,6227,13.25,13.6,2586,461,9091,3813
255,14.16,12.79791666666667,14.280833333333337,14.270000000000001,14.767499999999998,2015/12/08,13.65,69593,14.1,6227,13.65,14.1,3076,446,9007,3734
256,14.330000000000002,12.776250000000001,14.270000000000003,14.370000000000001,14.857499999999998,2015/12/07,14.1,70137,14.35,6627,14,14.25,2098,586,8898,3799
257,14.38,12.754166666666668,14.255000000000003,14.495000000000001,14.917499999999999,2015/12/04,14.15,70045,14.4,6627,14.05,14.35,2848,586,9189,3691
258,14.39,12.729166666666668,14.232500000000003,14.570000000000002,15.007499999999999,2015/12/03,14.5,70952,14.7,6627,14.35,14.4,2090,618,8863,3393
259,14.4,12.698333333333334,14.210000000000004,14.63,15.075,2015/12/02,14.4,71386,14.8,6627,14.35,14.55,3396,618,8558,3333
260,14.379999999999999,12.669166666666667,14.187500000000004,14.7,15.127500000000001,2015/12/01,14.5,72136,14.6,6431,14.4,14.4,1829,558,8376,3327
261,14.41,12.635416666666668,14.162500000000003,14.809999999999999,15.169999999999998,2015/11/30,14.35,72064,14.35,6381,14,14.2,2476,498,8622,3313
262,14.61,12.612083333333336,14.140000000000004,14.925,15.204999999999998,2015/11/27,14.2,71435,14.6,6381,14.2,14.55,1824,522,8731,3242
263,14.75,12.59125,14.117500000000003,14.985,15.2125,2015/11/26,14.55,71807,14.7,6861,14.4,14.45,1474,462,8297,3202
264,14.86,12.568333333333335,14.08666666666667,15.095000000000002,15.180000000000001,2015/11/25,14.3,71638,14.75,6861,14.25,14.65,3721,527,8541,3282
265,15.02,12.547500000000003,14.050833333333337,15.265,15.160000000000002,2015/11/24,14.65,71087,15.45,7711,14.65,15.45,4565,447,8357,3143
266,15.209999999999999,12.524583333333336,13.99916666666667,15.345000000000002,15.1125,2015/11/23,15.35,72117,15.4,7711,14.9,15.1,3166,1141,7736,3147
267,15.24,12.493333333333336,13.930833333333336,15.34,15.0425,2015/11/20,14.9,71343,15.2,7711,14.85,15.1,2998,1083,8423,3024
268,15.220000000000002,12.469166666666668,13.868333333333336,15.445000000000002,15.007500000000002,2015/11/19,15.1,70751,15.45,7991,14.95,15.2,4067,1183,8261,2620
269,15.330000000000002,12.444166666666668,13.799166666666668,15.520000000000001,14.9625,2015/11/18,15.1,70016,15.75,7991,15.05,15.65,3819,1494,7494,673
270,15.510000000000002,12.418333333333333,13.748333333333335,15.555000000000001,14.922500000000003,2015/11/17,15.6,69168,15.9,8923,15.55,15.7,3819,1713,7103,844
271,15.48,12.389583333333333,13.6925,15.530000000000001,14.837500000000002,2015/11/16,15.5,68430,16.2,8993,14.6,14.8,9605,1598,6681,786
272,15.439999999999998,12.359583333333335,13.633333333333333,15.485,14.772500000000003,2015/11/13,14.8,66456,15.6,8993,14.75,15.5,5860,1951,7568,584
273,15.669999999999998,12.336666666666668,13.588333333333335,15.440000000000001,14.74,2015/11/12,15.65,65414,16.15,9570,15.25,16.05,4957,2284,7222,821
274,15.710000000000003,12.307916666666667,13.527500000000002,15.265,14.675,2015/11/11,16,67129,16.2,9780,15.4,15.5,10110,2383,6586,1098
275,15.6,12.276250000000001,13.451666666666666,15.054999999999998,14.607500000000002,2015/11/10,15.45,65080,15.8,10040,15.1,15.2,4980,1866,6777,730
276,15.579999999999998,12.251666666666667,13.385,14.879999999999999,14.5775,2015/11/09,15.3,64302,15.9,10365,15.25,15.85,6219,2202,7016,802
277,15.529999999999998,12.23,13.3225,14.745,14.545000000000002,2015/11/06,15.95,64425,16,10802,15.5,15.8,6244,2233,7823,906
278,15.209999999999999,12.1975,13.248333333333333,14.569999999999999,14.45,2015/11/05,15.85,64740,15.9,10802,15.35,15.4,7937,2292,8195,876
279,14.819999999999999,12.167083333333332,13.170833333333333,14.404999999999998,14.37,2015/11/04,15.45,64338,15.55,10802,14.8,15.3,11281,2176,9004,729
280,14.51,12.141666666666667,13.093333333333334,14.290000000000001,14.2975,2015/11/03,15.35,64424,15.45,10576,15.15,15.2,9188,3432,10193,671
281,14.180000000000001,12.116666666666667,13.020833333333334,14.145000000000001,14.2225,2015/11/02,15.05,65752,15.25,10576,14.45,14.45,14958,3589,10919,607
282,13.959999999999999,12.09625,12.954166666666667,14.060000000000002,14.145000000000001,2015/10/30,14.35,65608,14.35,9453,13.9,13.95,5851,2772,11195,295
283,13.929999999999998,12.086666666666666,12.891666666666667,14.040000000000001,14.0875,2015/10/29,13.9,64713,14.2,9110,13.8,14.15,6875,3716,11488,208
284,13.99,12.083333333333334,12.843333333333334,14.085000000000003,14.027500000000003,2015/10/28,13.9,64098,14.15,9110,13.55,13.75,7653,3884,11333,208
285,14.069999999999999,12.08375,12.7925,14.160000000000002,13.972500000000002,2015/10/27,13.7,61501,13.9,8739,13.7,13.8,4146,3144,11060,219
286,14.11,12.082916666666668,12.738333333333335,14.275,13.9275,2015/10/26,13.95,60569,14.15,9262,13.55,14.1,9067,3102,10909,236
287,14.16,12.080000000000002,12.680000000000001,14.345000000000002,13.892500000000002,2015/10/23,14.2,58527,14.5,9262,14.15,14.45,4389,5191,10584,223
288,14.15,12.077499999999999,12.617500000000001,14.330000000000002,13.842500000000001,2015/10/22,14.2,58206,14.45,9405,14,14.3,5270,5216,10054,232
289,14.180000000000001,12.074166666666665,12.549166666666668,14.335000000000003,13.7925,2015/10/21,14.3,57997,14.3,9151,13.8,14,5582,5151,9770,246
290,14.25,12.072916666666664,12.483333333333336,14.305000000000001,13.752500000000001,2015/10/20,13.9,55921,14.25,9151,13.8,14.25,6370,4735,10490,199
291,14.440000000000001,12.076249999999998,12.425000000000002,14.3,13.732499999999998,2015/10/19,14.2,55028,14.45,9629,14.05,14.15,5492,5207,10077,272
292,14.530000000000001,12.074999999999998,12.361666666666668,14.23,13.6875,2015/10/16,14.15,53792,14.45,10829,14,14.4,2306,5237,9339,286
293,14.51,12.070833333333331,12.298333333333336,14.135,13.625,2015/10/15,14.35,53127,14.6,11264,14.25,14.55,3403,5197,9742,382
294,14.49,12.065416666666664,12.234166666666669,13.969999999999999,13.552500000000004,2015/10/14,14.65,52593,14.75,11974,14.45,14.7,2466,5342,9812,365
295,14.36,12.053749999999999,12.164166666666668,13.785,13.467500000000001,2015/10/13,14.85,52491,14.85,12564,14.45,14.8,3431,5285,9422,332
296,14.16,12.041666666666664,12.088333333333335,13.580000000000002,13.375,2015/10/12,14.65,52378,14.9,12564,14.2,14.2,9239,5379,9276,344
297,13.930000000000001,12.03375,12.017500000000002,13.439999999999998,13.3025,2015/10/08,14.05,51889,14.35,11667,13.9,14.25,4004,5214,8793,286
298,13.76,12.032916666666667,11.959166666666668,13.355,13.24,2015/10/07,14.25,51959,14.3,11637,14,14,4187,4763,9281,302
299,13.45,12.02875,11.898333333333335,13.25,13.185000000000002,2015/10/06,14,51903,14.2,11637,13.75,13.95,6602,3988,9616,256
300,13.209999999999999,12.02875,11.838333333333335,13.2,13.1375,2015/10/05,13.85,51477,14.1,11637,13.55,13.65,7893,3432,9614,232
301,13.0,12.02875,11.781666666666668,13.165000000000001,13.095000000000002,2015/10/02,13.5,50950,13.6,11637,13.15,13.25,7611,2104,10251,177
302,12.95,12.02875,11.73666666666667,13.145,13.070000000000002,2015/10/01,13.2,50574,13.25,11451,12.75,12.8,4464,1324,10152,153
303,12.95,12.02875,11.696666666666667,13.115,13.0525,2015/09/30,12.7,49898,12.85,11456,12.65,12.7,1822,1354,10287,141
304,13.05,12.02875,11.6675,13.135000000000002,13.0525,2015/09/25,12.8,49644,12.95,15324,12.65,12.9,2554,1424,10375,146
305,13.190000000000001,12.02875,11.635833333333334,13.15,13.020000000000001,2015/09/24,12.8,49374,13.25,15324,12.65,13.2,3824,1524,10395,238
306,13.330000000000002,12.02875,11.605,13.169999999999998,12.957500000000001,2015/09/23,13.25,49089,13.3,15509,13.05,13.1,2462,2008,10576,269
307,13.34,12.02875,11.566666666666668,13.165000000000001,12.857500000000002,2015/09/22,13.2,48616,13.45,15509,13.2,13.3,3348,2085,10434,259
308,13.280000000000001,12.02875,11.527500000000002,13.125,12.755000000000003,2015/09/21,13.2,48056,13.25,15324,12.9,13.25,3373,1765,10661,256
309,13.219999999999999,12.02875,11.49416666666667,13.12,12.642500000000002,2015/09/18,13.5,47809,13.6,15402,13.3,13.5,3434,2619,11038,191
310,13.11,12.02875,11.458333333333336,13.075,12.570000000000002,2015/09/17,13.5,47297,13.85,15156,13.4,13.4,7163,2641,11556,262
311,13.01,12.02875,11.423333333333337,13.025,12.507500000000002,2015/09/16,13.3,46801,13.3,15225,12.9,13.05,3605,2323,11428,189
312,12.99,12.02875,11.395833333333336,12.995000000000001,12.440000000000001,2015/09/15,12.9,46133,13,15225,12.8,12.95,1617,2087,11022,171
313,12.969999999999999,12.02875,11.370833333333335,12.99,12.4,2015/09/14,12.9,45802,13.25,15075,12.9,13.05,3483,2287,11259,168
314,13.02,12.02875,11.345000000000002,12.970000000000002,12.355,2015/09/11,12.95,46043,13.1,14820,12.85,13,3095,2454,10827,179
315,13.040000000000001,12.02875,11.315000000000001,12.89,12.28,2015/09/10,13,46240,13.2,14820,12.95,13.2,3023,2608,10843,206
316,13.040000000000001,12.02875,11.282500000000002,12.745000000000001,12.202499999999999,2015/09/09,13.2,46460,13.2,14600,12.7,12.95,6363,2636,10717,236
317,13.0,12.02875,11.253333333333336,12.55,12.120000000000001,2015/09/08,12.8,45377,12.95,14569,12.6,12.8,4572,2446,11876,195
318,13.01,12.02875,11.225833333333334,12.385000000000002,12.055,2015/09/07,13.15,45011,13.25,14483,13,13.1,3692,2355,11889,290
319,12.919999999999998,12.02875,11.18666666666667,12.165000000000001,11.9575,2015/09/04,13.05,44857,13.35,14471,12.95,13.15,8002,2273,11898,258
320,12.739999999999998,12.02875,11.150833333333335,12.065000000000001,11.844999999999999,2015/09/03,13,45484,13.15,13764,12.8,13.1,8276,1909,12189,218
321,12.45,12.02875,11.108333333333336,11.99,11.745,2015/09/02,13,44726,13.2,11585,12.5,12.7,11520,1630,11952,222
322,12.099999999999998,12.02875,11.084166666666668,11.885000000000002,11.647499999999997,2015/09/01,12.85,44982,13.4,10160,12.65,12.75,11462,1612,11311,203
323,11.760000000000002,12.02875,11.065000000000001,11.81,11.535,2015/08/31,12.7,44007,12.7,8131,12,12.3,8106,750,11491,144
324,11.41,12.02875,11.050000000000002,11.74,11.45,2015/08/28,12.15,43400,12.5,7657,11.8,12,7382,665,11670,102
325,11.39,12.02875,11.044166666666667,11.67,11.385,2015/08/27,11.55,43232,11.65,7657,11.2,11.4,2757,658,10798,79
326,11.529999999999998,12.02875,11.050000000000002,11.66,11.33,2015/08/26,11.25,43059,11.3,7457,10.8,11,1473,628,11073,83
327,11.669999999999998,12.02875,11.055833333333336,11.690000000000001,11.29,2015/08/25,11.15,43081,11.15,7457,10.35,10.35,2296,630,11078,381
328,11.86,12.02875,11.070000000000002,11.725,11.254999999999999,2015/08/24,10.95,43257,11.85,7157,10.85,11.8,4439,743,10926,522
329,12.069999999999999,12.02875,11.089166666666669,11.75,11.212499999999999,2015/08/21,12.05,43853,12.1,7157,11.85,11.95,3115,781,11382,641
330,11.95,12.02875,11.088333333333336,11.625,11.1275,2015/08/20,12.25,44204,12.25,7157,11.8,11.95,3556,825,11542,479
331,11.790000000000001,12.02875,11.08666666666667,11.5,11.035,2015/08/19,11.95,44110,12.1,7157,11.55,12.1,4166,730,11447,462
332,11.709999999999999,12.02875,11.085833333333335,11.41,10.9575,2015/08/18,12.1,44239,12.1,6957,11.8,12,3272,636,12402,469
333,11.59,12.02875,11.085000000000003,11.26,10.870000000000001,2015/08/17,12,44314,12.15,6957,11.7,11.7,5436,562,12816,467
334,11.430000000000001,12.02875,11.088333333333335,11.16,10.795,2015/08/14,11.45,44238,11.6,6957,11.35,11.5,1000,648,11924,438
335,11.3,12.02875,11.100833333333334,11.1,10.745000000000001,2015/08/13,11.45,44225,11.65,6882,11.3,11.6,1495,651,12205,447
336,11.209999999999999,12.02875,11.118333333333336,11.0,10.687500000000002,2015/08/12,11.55,44218,11.55,6750,11.2,11.35,1601,603,12142,414
337,11.11,12.02875,11.137500000000001,10.89,10.63,2015/08/11,11.5,44436,11.6,6661,11.2,11.2,3015,466,12031,400
338,10.929999999999998,12.02875,11.146666666666668,10.785,10.582500000000001,2015/08/10,11.2,44412,11.25,6661,10.9,11,2783,101,12199,288
339,10.89,12.02875,11.163333333333334,10.675,10.552500000000002,2015/08/07,10.8,44646,11,6483,10.8,10.9,962,93,12218,209
340,10.9,12.02875,11.190000000000001,10.629999999999999,10.532500000000002,2015/08/06,11,45005,11.2,6483,10.85,11.1,1530,99,12196,68
341,10.790000000000001,12.02875,11.212500000000002,10.57,10.505,2015/08/05,11.05,45542,11.05,6436,10.65,10.65,1736,94,12282,55
342,10.67,12.02875,11.238333333333335,10.504999999999999,10.492500000000001,2015/08/04,10.6,45594,10.95,5951,10.6,10.9,1357,86,12356,38
343,10.639999999999999,12.02875,11.281666666666668,10.48,10.502500000000001,2015/08/03,11,45875,11.05,5951,10.65,10.8,3395,72,12502,27
344,10.459999999999999,12.02875,11.323333333333334,10.43,10.500000000000002,2015/07/31,10.85,46527,11.05,5951,10.5,10.5,2714,150,12939,43
345,10.36,12.02875,11.375000000000002,10.389999999999999,10.502500000000001,2015/07/30,10.45,46725,10.7,5951,10.3,10.3,1783,160,13180,0
346,10.35,12.02875,11.427500000000002,10.374999999999998,10.5275,2015/07/29,10.45,46478,10.5,5951,10.3,10.35,1410,179,13047,0
347,10.34,12.02875,11.48,10.37,10.5525,2015/07/28,10.45,46752,10.55,5951,10,10,1510,91,12806,0
348,10.32,12.02875,11.5375,10.379999999999999,10.572500000000002,2015/07/27,10.1,46588,10.5,5951,10.05,10.4,1848,75,13254,0
349,10.4,12.02875,11.599166666666665,10.429999999999998,10.627500000000001,2015/07/24,10.35,46730,10.4,5951,10.2,10.3,705,56,13785,0
350,10.419999999999998,12.02875,11.662499999999998,10.434999999999999,10.6775,2015/07/23,10.4,46697,10.45,5939,10.3,10.4,691,55,14088,16
351,10.4,12.02875,11.727499999999997,10.440000000000001,10.727500000000001,2015/07/22,10.4,46719,10.5,5939,10.3,10.4,989,46,14380,26
352,10.4,12.02875,11.78833333333333,10.48,10.790000000000001,2015/07/21,10.35,47088,10.6,5939,10.35,10.45,769,36,14124,27
353,10.440000000000001,12.02875,11.84333333333333,10.525,10.842500000000001,2015/07/20,10.5,47204,10.65,5939,10.5,10.55,1166,38,14136,18
354,10.459999999999999,12.02875,11.896666666666665,10.57,10.885000000000002,2015/07/17,10.45,47575,10.55,5939,10.3,10.4,872,32,14084,41
355,10.45,12.02875,11.94333333333333,10.615,10.920000000000002,2015/07/16,10.3,47682,10.5,5715,10.3,10.4,926,32,14165,45
356,10.48,12.02875,11.994999999999997,10.68,10.957500000000001,2015/07/15,10.4,47963,10.55,5715,10.35,10.55,958,32,14380,45
357,10.559999999999999,12.02875,12.049999999999999,10.735,11.010000000000002,2015/07/14,10.55,48231,10.7,5715,10.5,10.7,812,32,14605,47
358,10.61,12.02875,12.106666666666666,10.764999999999999,11.040000000000001,2015/07/13,10.6,48372,10.7,5715,10.55,10.7,751,39,14609,78
359,10.68,12.02875,12.159166666666666,10.825,11.05,2015/07/09,10.4,48409,10.45,5715,10.1,10.2,1049,43,14670,64
360,10.78,12.02875,12.159166666666666,10.919999999999998,11.075000000000001,2015/07/08,10.45,48585,10.75,5715,10.25,10.75,2013,49,14788,61
361,10.879999999999999,12.02875,12.159166666666666,11.014999999999999,11.075000000000001,2015/07/07,10.8,49150,10.9,5715,10.7,10.75,850,44,14909,50
362,10.91,12.02875,12.159166666666666,11.099999999999998,11.1125,2015/07/06,10.8,49317,10.95,5803,10.7,10.95,756,44,15056,34
363,10.92,12.02875,12.159166666666666,11.16,11.157500000000002,2015/07/03,10.95,49584,11.05,5803,10.9,11.05,770,44,15154,22
364,10.97,12.02875,12.159166666666666,11.2,11.200000000000001,2015/07/02,10.9,49717,11.05,5803,10.85,10.95,491,44,15187,20
365,11.06,12.02875,12.159166666666666,11.225,11.245000000000001,2015/07/01,10.95,49874,11.05,5803,10.9,10.95,495,44,15241,37
366,11.150000000000002,12.02875,12.159166666666666,11.235,11.2925,2015/06/30,10.95,49910,11,5953,10.8,10.8,1178,44,15210,36
367,11.29,12.02875,12.159166666666666,11.285,11.325000000000001,2015/06/29,10.85,50072,11.05,5609,10.85,11,1024,44,15228,39
368,11.400000000000002,12.02875,12.159166666666666,11.315000000000001,11.382500000000002,2015/06/26,11.2,50267,11.4,5609,11.15,11.35,974,44,15363,101
369,11.430000000000001,12.02875,12.159166666666666,11.275,11.4275,2015/06/25,11.35,50376,11.55,5959,11.2,11.4,904,44,15183,104
370,11.39,12.02875,12.159166666666666,11.23,11.46,2015/06/24,11.4,50468,11.8,5994,11.4,11.7,995,32,15291,107
371,11.32,12.02875,12.159166666666666,11.135000000000002,11.4975,2015/06/23,11.65,50958,11.65,5994,11.4,11.6,1446,32,15064,142
372,11.28,12.02875,12.159166666666666,11.125000000000002,11.510000000000002,2015/06/22,11.4,50681,11.5,5994,11.3,11.4,594,4,15098,142
373,11.23,12.02875,12.159166666666666,11.155000000000001,11.5425,2015/06/18,11.35,50806,11.4,5971,11.1,11.15,828,4,15074,158
374,11.120000000000001,12.02875,12.159166666666666,11.200000000000001,11.585,2015/06/17,11.15,50769,11.25,5971,11.05,11.25,813,4,15082,160
375,11.07,12.02875,12.159166666666666,11.265,11.6375,2015/06/16,11.05,50729,11.45,5971,10.9,11.45,1157,6,14999,167
376,10.95,12.02875,12.159166666666666,11.350000000000001,11.709999999999999,2015/06/15,11.45,51048,11.5,5971,11.15,11.3,1637,3,15051,143
377,10.97,12.02875,12.159166666666666,11.365,11.772499999999999,2015/06/12,11.15,50703,11.15,6117,10.75,10.9,1072,16,15269,144
378,11.08,12.02875,12.159166666666666,11.45,11.817499999999999,2015/06/11,10.8,50369,10.95,6117,10.7,10.8,1261,16,15351,152
379,11.28,12.02875,12.159166666666666,11.58,11.8875,2015/06/10,10.9,50387,10.9,6117,10.55,10.7,2981,14,15694,184
380,11.459999999999999,12.02875,12.159166666666666,11.69,11.962499999999999,2015/06/09,10.45,50011,11.55,7259,10.4,11.45,3826,10,16003,166
381,11.75,12.02875,12.159166666666666,11.86,12.0575,2015/06/08,11.55,49864,11.85,7828,11.45,11.85,1369,12,17196,158
382,11.76,12.02875,12.159166666666666,11.895,12.11,2015/06/05,11.7,49738,11.95,7828,11.6,11.8,1131,0,17380,116
383,11.819999999999999,12.02875,12.159166666666666,11.93,12.184999999999999,2015/06/04,11.8,49844,12.1,7828,11.65,11.9,1905,0,17426,117
384,11.88,12.02875,12.159166666666666,11.969999999999999,12.27,2015/06/03,11.8,49347,12.05,7829,11.8,11.9,1770,17,17656,127
385,11.92,12.02875,12.159166666666666,12.01,12.3775,2015/06/02,11.9,49309,11.9,7829,11.6,11.6,2515,19,17737,136
386,11.97,12.02875,12.159166666666666,12.069999999999999,12.462499999999999,2015/06/01,11.6,48364,12.1,7940,11.55,11.95,3186,20,18115,109
387,12.03,12.02875,12.159166666666666,12.18,12.562499999999998,2015/05/29,12,48817,12.2,8974,11.95,12.2,2717,19,18222,93
388,12.040000000000001,12.02875,12.159166666666666,12.184999999999999,12.657499999999999,2015/05/28,12.1,48320,12.1,9834,11.9,12,2119,18,18101,101
389,12.059999999999999,12.02875,12.159166666666666,12.195,12.7425,2015/05/27,12,48208,12.15,9880,11.85,12.15,2802,19,18265,103
390,12.1,12.02875,12.159166666666666,12.235000000000001,12.849999999999998,2015/05/26,12.15,47864,12.2,11133,11.85,12,3128,20,17788,142
391,12.170000000000002,12.02875,12.159166666666666,12.255,12.9575,2015/05/25,11.9,46975,12.15,12476,11.85,12.1,2385,20,18077,120
392,12.330000000000002,12.02875,12.159166666666666,12.325000000000001,13.064999999999998,2015/05/22,12.05,46493,12.35,13676,11.9,12.25,4818,22,17945,131
393,12.330000000000002,12.02875,12.159166666666666,12.440000000000001,13.145,2015/05/21,12.2,46226,12.45,16181,12.05,12.15,3204,19,18079,164
394,12.330000000000002,12.02875,12.159166666666666,12.57,13.219999999999999,2015/05/20,12.2,45975,12.55,17632,12.15,12.5,3768,41,17886,146
395,12.370000000000001,12.02875,12.159166666666666,12.745000000000001,13.272499999999999,2015/05/19,12.5,46355,12.75,19109,12.35,12.7,3615,35,17554,129
396,12.34,12.02875,12.159166666666666,12.854999999999999,13.317499999999999,2015/05/18,12.7,47035,12.85,20122,12.3,12.3,4520,39,16744,150
397,12.32,12.02875,12.159166666666666,12.944999999999999,13.367499999999998,2015/05/15,12.05,47120,12.35,20534,11.85,12.25,3058,39,16157,97
398,12.549999999999999,12.02875,12.159166666666666,13.129999999999999,13.462499999999997,2015/05/14,12.2,47093,12.4,22354,12.1,12.4,1491,41,16059,101
399,12.809999999999999,12.02875,12.159166666666666,13.289999999999997,13.539999999999997,2015/05/13,12.4,47039,12.45,22818,12.2,12.35,1954,52,16181,94
400,13.12,12.02875,12.159166666666666,13.464999999999998,13.539999999999997,2015/05/12,12.35,46565,12.6,23563,11.85,12.5,4764,52,16327,106
401,13.37,12.02875,12.159166666666666,13.66,13.539999999999997,2015/05/11,12.6,45584,13.4,26343,12.45,13.2,4419,48,15905,82
402,13.569999999999999,12.02875,12.159166666666666,13.804999999999998,13.539999999999997,2015/05/08,13.2,44629,13.65,27410,13.1,13.5,2673,181,15594,131
403,13.709999999999999,12.02875,12.159166666666666,13.85,13.539999999999997,2015/05/07,13.5,44682,13.9,28010,13.45,13.9,1966,181,15619,123
404,13.770000000000001,12.02875,12.159166666666666,13.87,13.539999999999997,2015/05/06,13.95,44911,14,28510,13.45,13.6,1584,337,15358,159
405,13.810000000000002,12.02875,12.159166666666666,13.8,13.539999999999997,2015/05/05,13.6,44465,13.75,28510,13.6,13.6,740,53,15807,213
406,13.95,12.02875,12.159166666666666,13.780000000000001,13.539999999999997,2015/05/04,13.6,44487,14,28510,13.6,14,1472,53,16041,234
407,14.040000000000001,12.02875,12.159166666666666,13.790000000000001,13.539999999999997,2015/04/30,13.9,44735,13.95,28910,13.75,13.85,1075,54,15915,261
408,13.99,12.02875,12.159166666666666,13.795000000000002,13.539999999999997,2015/04/29,13.8,44521,14.15,29211,13.8,14.15,2243,45,15874,253
409,13.970000000000002,12.02875,12.159166666666666,13.790000000000001,13.539999999999997,2015/04/28,14.15,44523,14.3,29541,13.85,14.3,3825,293,15777,347
410,13.790000000000001,12.02875,12.159166666666666,13.790000000000001,13.539999999999997,2015/04/27,14.3,44523,14.5,29540,14.05,14.2,5587,1310,15820,451
411,13.61,12.02875,12.159166666666666,13.790000000000001,13.539999999999997,2015/04/24,14.05,44530,14.15,29540,13.65,13.9,5186,1301,16050,293
412,13.540000000000001,12.02875,12.159166666666666,13.790000000000001,13.539999999999997,2015/04/23,13.65,44239,13.85,29340,13.65,13.85,1963,1291,16088,118
413,13.6,12.02875,12.159166666666666,13.790000000000001,13.539999999999997,2015/04/22,13.7,44249,13.7,28804,13.35,13.4,3881,1421,16386,115
414,13.61,12.02875,12.159166666666666,13.790000000000001,13.539999999999997,2015/04/21,13.25,42822,13.5,29804,13.05,13.45,3689,1420,16557,203
415,13.61,12.02875,12.159166666666666,13.790000000000001,13.539999999999997,2015/04/20,13.4,41230,13.8,29804,13.4,13.75,2774,3399,16581,204
416,13.61,12.02875,12.159166666666666,13.790000000000001,13.539999999999997,2015/04/17,13.7,40962,14.05,29804,13.7,14,2088,3394,16903,232
417,13.61,12.02875,12.159166666666666,13.790000000000001,13.539999999999997,2015/04/16,13.95,40903,13.95,29804,13.8,13.85,1884,3394,17407,223
418,13.61,12.02875,12.159166666666666,13.790000000000001,13.539999999999997,2015/04/15,13.75,40385,14,29804,13.75,13.9,2743,3665,17895,170
