,avg_five,avg_hundred_twenty,avg_sixty,avg_ten,avg_twenty,date,finial_price,foreign_investment,highest_price,legal_person,lowest_price,opening_price,quantity,self_employed,short_buy,short_sell
0,64.96,56.678333333333335,56.27166666666667,64.53999999999999,62.83,2016/12/22,63.9,39080,65.1,3566,63.1,65.1,793,2068,2775,487
1,65.16000000000001,56.675000000000004,56.08666666666667,64.55,62.485,2016/12/21,65.2,39073,65.8,3566,65.1,65.5,431,2190,2702,525
2,65.0,56.654166666666676,55.88333333333334,64.41,62.065,2016/12/20,65.4,39101,65.8,3566,64.8,65.8,852,2179,2747,526
3,64.85999999999999,56.595000000000006,55.67666666666667,64.2,61.629999999999995,2016/12/19,65.4,38900,66.2,3501,64.9,64.9,1523,2248,2907,512
4,64.1,56.528333333333336,55.465,63.75999999999999,61.18499999999999,2016/12/16,64.9,38783,65.5,3501,64.4,65.4,994,2090,2965,522
5,64.12,56.455000000000005,55.25666666666667,63.39999999999999,60.73,2016/12/15,64.9,38394,65.6,3501,63.6,64,1771,2127,3006,515
6,63.94000000000001,56.39833333333333,55.04833333333334,62.94999999999999,60.3,2016/12/14,64.4,38129,65.4,3501,63.5,65,1570,2064,2734,491
7,63.82000000000001,56.345000000000006,54.84333333333334,62.519999999999996,59.904999999999994,2016/12/13,64.7,37840,64.7,3471,61.9,62,2577,2236,2835,463
8,63.54,56.288333333333334,54.638333333333335,61.919999999999995,59.545,2016/12/12,61.6,36593,64.2,3471,61.6,64,2869,2153,2958,369
9,63.42,56.25583333333334,54.48833333333334,61.779999999999994,59.285000000000004,2016/12/09,65,36421,66.1,3446,63.7,64.2,2853,2465,3173,429
10,62.67999999999999,56.19416666666667,54.288333333333334,61.11999999999999,58.825,2016/12/08,64,36284,64.9,3446,63.1,64.5,1953,2051,3214,409
11,61.96,56.13666666666667,54.11166666666667,60.419999999999995,58.3,2016/12/07,63.8,35697,64.4,3471,63.3,64,2083,2153,3601,427
12,61.220000000000006,56.090833333333336,53.94166666666667,59.71999999999999,57.71,2016/12/06,63.3,35552,63.6,3106,61.3,62,3302,2347,3906,375
13,60.3,56.04833333333334,53.77666666666667,59.06,57.145,2016/12/05,61,34518,62,2896,60.8,61.5,2103,2201,4016,327
14,60.14,56.007500000000014,53.655,58.61,56.68000000000001,2016/12/02,61.3,34231,61.5,2216,60.5,60.9,2409,2377,4012,297
15,59.55999999999999,55.963333333333345,53.53,58.06,56.20000000000001,2016/12/01,60.4,34064,61.2,2216,59.8,60.6,3008,2163,3744,276
16,58.879999999999995,55.948333333333345,53.39666666666667,57.65,55.72500000000001,2016/11/30,60.1,34057,60.5,1256,59.2,59.2,2393,2090,3792,242
17,58.21999999999999,55.93500000000002,53.278333333333336,57.29,55.260000000000005,2016/11/29,58.7,33428,61.3,1156,58.6,60.4,4307,2123,3767,214
18,57.81999999999999,55.94166666666668,53.17166666666667,57.17,54.915,2016/11/28,60.2,33657,60.5,1022,58.9,59,3856,2246,3560,227
19,57.08,55.919166666666676,53.06166666666666,56.79,54.495000000000005,2016/11/25,58.4,33683,58.9,796,56.9,57.3,1760,1895,3050,202
20,56.56,55.90166666666667,52.98833333333333,56.529999999999994,54.175,2016/11/24,57,33441,57.1,576,56.4,57.1,753,1811,3242,197
21,56.42,55.866666666666674,52.95166666666667,56.17999999999999,53.910000000000004,2016/11/23,56.8,33198,57.4,576,56.2,56.9,849,1718,3142,198
22,56.36,55.82916666666667,52.964999999999996,55.7,53.614999999999995,2016/11/22,56.7,33336,56.9,576,56.3,56.5,895,1677,3157,194
23,56.52,55.79250000000001,52.98166666666666,55.23,53.33,2016/11/21,56.5,33560,56.5,676,55.2,55.8,715,1644,3095,194
24,56.5,55.745833333333344,52.985,54.75,53.09499999999999,2016/11/18,55.8,33543,56.4,776,55.6,56.3,1081,1652,3060,192
25,56.5,55.70000000000001,52.99833333333333,54.339999999999996,52.889999999999986,2016/11/17,56.3,33536,57.4,776,56.1,56.5,1355,1812,2985,207
26,55.94,55.64833333333334,53.03333333333333,53.79999999999999,52.669999999999995,2016/11/16,56.5,33547,58.2,776,56.5,58.1,1220,1822,3028,206
27,55.04,55.595000000000006,53.07666666666667,53.23,52.394999999999996,2016/11/15,57.5,33222,58.5,825,56.5,56.7,1933,2026,3049,196
28,53.94,55.54083333333334,53.09833333333333,52.65999999999999,52.05499999999999,2016/11/14,56.4,33187,56.9,825,55.2,56.9,1340,1627,3130,165
29,53.0,55.494166666666665,53.13666666666666,52.2,51.75999999999999,2016/11/11,55.8,33231,56.7,775,53.2,53.6,1945,1645,3067,150
30,52.17999999999999,55.44416666666667,53.195,51.82000000000001,51.48999999999999,2016/11/10,53.5,33238,53.5,775,52.4,52.5,607,1568,2840,128
31,51.660000000000004,55.415,53.29333333333333,51.64,51.355,2016/11/09,52,33144,52.4,775,51.5,52.4,857,1488,3002,131
32,51.419999999999995,55.40166666666667,53.416666666666664,51.529999999999994,51.33,2016/11/08,52,32650,52.2,775,51.3,51.9,292,1510,3046,125
33,51.379999999999995,55.37833333333334,53.538333333333334,51.42999999999999,51.32499999999999,2016/11/07,51.7,32577,51.9,775,51.1,51.1,514,1497,3064,150
34,51.4,55.35583333333334,53.63333333333333,51.44,51.34999999999999,2016/11/04,51.7,32686,51.7,775,50.7,50.8,325,1511,3022,143
35,51.46,55.33916666666667,53.725,51.44,51.39999999999999,2016/11/03,50.9,32770,50.9,775,50.6,50.6,523,1473,3048,138
36,51.620000000000005,55.35500000000001,53.83166666666667,51.54,51.504999999999995,2016/11/02,50.8,32860,51.7,775,50.3,51.6,885,1477,3077,134
37,51.64,55.366666666666674,53.943333333333335,51.55999999999999,51.60999999999999,2016/11/01,51.8,33154,52.2,776,51.7,51.8,229,1457,3153,107
38,51.48,55.366666666666674,54.03666666666666,51.45,51.664999999999985,2016/10/31,51.8,33262,52.3,776,51.5,52.3,311,1470,3117,110
39,51.48,55.35833333333334,54.13499999999999,51.31999999999999,51.725,2016/10/28,52,33355,52,776,51.6,51.6,376,1470,3018,110
40,51.419999999999995,55.35333333333334,54.23166666666666,51.15999999999999,51.80999999999999,2016/10/27,51.7,33571,52.5,776,51.5,51.5,989,1487,2932,110
41,51.46,55.35500000000001,54.333333333333336,51.06999999999999,51.864999999999995,2016/10/26,50.9,34115,51.2,726,50.5,50.8,542,1270,2896,109
42,51.48,55.363333333333344,54.443333333333335,51.129999999999995,51.96999999999999,2016/10/25,51,34355,52,726,50.8,51.8,444,1268,2807,108
43,51.42,55.36916666666668,54.56166666666666,51.21999999999999,52.06999999999999,2016/10/24,51.8,34626,52.1,726,51.6,51.6,555,1246,2817,108
44,51.160000000000004,55.37916666666668,54.67833333333333,51.25999999999999,52.114999999999995,2016/10/21,51.7,34883,52,676,51.4,51.5,1572,1246,2789,108
45,50.900000000000006,55.38333333333334,54.791666666666664,51.35999999999999,52.15,2016/10/20,51.9,35542,52,683,50.7,51,528,1255,2795,106
46,50.68,55.39,54.90833333333333,51.46999999999999,52.175,2016/10/19,51,35715,51.4,690,50.5,50.7,401,1244,2808,96
47,50.78,55.39916666666667,55.044999999999995,51.65999999999999,52.23,2016/10/18,50.7,35868,50.9,690,50.1,50.4,271,1265,2774,101
48,51.019999999999996,55.42416666666667,55.166666666666664,51.879999999999995,52.315,2016/10/17,50.5,35981,50.6,690,50.1,50.3,417,1289,2765,94
49,51.35999999999999,55.45000000000001,55.29666666666667,52.129999999999995,52.419999999999995,2016/10/14,50.4,36213,50.8,690,50.4,50.8,488,1264,2729,107
50,51.81999999999999,55.4775,55.46166666666667,52.459999999999994,52.55,2016/10/13,50.8,36417,51.5,690,50.4,51.5,1285,1263,2735,111
51,52.260000000000005,55.51416666666667,55.641666666666666,52.65999999999999,52.67999999999999,2016/10/12,51.5,36812,51.9,690,51.3,51.8,904,1262,2750,105
52,52.54,55.526666666666664,55.82166666666667,52.80999999999999,52.785000000000004,2016/10/11,51.9,37209,52.6,813,51.9,52.5,849,1233,2791,105
53,52.739999999999995,55.53916666666667,55.99,52.919999999999995,52.86,2016/10/07,52.2,37572,53,820,52,53,668,1254,2817,100
54,52.9,55.54083333333334,56.16166666666667,52.96999999999999,52.935,2016/10/06,52.7,37818,53.1,840,52.7,53.1,402,1236,2760,99
55,53.1,55.513333333333335,56.33166666666668,52.94,52.989999999999995,2016/10/05,53,37977,53.2,940,52.9,53.1,251,1227,2753,96
56,53.06,55.47500000000001,56.48333333333334,52.879999999999995,52.959999999999994,2016/10/04,52.9,38017,53.2,940,52.9,53.2,306,1227,2769,98
57,53.08,55.44791666666667,56.631666666666675,52.8,52.964999999999996,2016/10/03,52.9,38081,53.2,940,52.8,53,441,1236,2741,98
58,53.1,55.41666666666667,56.78166666666667,52.75,52.93499999999999,2016/09/30,53,38181,53.8,1017,52.9,53.7,693,1237,2767,98
59,53.04,55.38375,56.94000000000001,52.71,52.964999999999996,2016/09/29,53.7,38547,54.4,1085,52.8,52.8,771,1116,2795,96
60,52.779999999999994,55.34791666666668,57.085000000000015,52.64,52.98,2016/09/26,52.8,38502,53.3,1085,52.6,53.3,341,949,2827,97
61,52.7,55.317083333333336,57.26333333333335,52.7,53.08,2016/09/23,53,38640,53,1185,52.6,53,327,953,2799,97
62,52.519999999999996,55.275416666666665,57.42500000000002,52.75999999999999,53.30999999999999,2016/09/22,53,38855,53.5,1185,52.7,52.8,195,957,2754,97
63,52.4,55.24208333333333,57.51333333333335,52.8,53.545,2016/09/21,52.7,38899,53.1,1185,52.5,52.5,269,953,2721,104
64,52.379999999999995,55.221250000000005,57.59166666666668,52.9,53.745000000000005,2016/09/20,52.4,38860,52.6,1185,51.8,52.2,305,984,2742,96
65,52.5,55.19333333333334,57.65333333333334,53.040000000000006,53.955,2016/09/19,52.4,38901,52.9,1185,52.2,52.3,318,977,2741,97
66,52.7,55.16541666666667,57.74833333333335,53.040000000000006,54.254999999999995,2016/09/14,52.1,38930,52.7,1140,51.8,52.1,446,969,2734,89
67,53.0,55.10291666666667,57.846666666666685,53.129999999999995,54.605,2016/09/13,52.4,38914,53.7,1195,52.3,53.2,296,985,2718,85
68,53.2,55.03708333333334,57.938333333333354,53.120000000000005,54.925,2016/09/12,52.6,38996,52.9,1195,52.3,52.5,399,1035,2624,82
69,53.42,54.959583333333335,58.02333333333335,53.220000000000006,55.23,2016/09/10,53,39131,53.3,1195,52.7,52.7,214,1031,2644,84
70,53.580000000000005,54.88666666666667,58.10000000000002,53.32000000000001,55.544999999999995,2016/09/09,53.4,39131,53.6,1195,53.1,53.5,221,980,2701,80
71,53.38000000000001,54.80083333333334,58.16166666666668,53.46,55.84499999999999,2016/09/08,53.6,39183,53.6,1195,53.2,53.4,199,976,2707,80
72,53.260000000000005,54.705000000000005,58.240000000000016,53.86,56.13499999999999,2016/09/07,53.4,39107,53.7,1195,52.9,53.5,763,976,2685,79
73,53.04,54.62916666666668,58.32000000000002,54.290000000000006,56.42999999999999,2016/09/06,53.7,38986,53.9,1409,53.1,53.9,554,1191,2644,72
74,53.019999999999996,54.554166666666674,58.36000000000002,54.59000000000001,56.61499999999999,2016/09/05,53.8,39051,54,1592,53.4,53.5,523,1143,2599,74
75,53.05999999999999,54.49875,58.39666666666668,54.870000000000005,56.78499999999999,2016/09/02,52.4,39013,53,1793,52.2,53,300,1120,2505,63
76,53.54,54.45791666666667,58.50000000000002,55.470000000000006,57.029999999999994,2016/09/01,53,39148,53.3,1793,52,52.3,373,1144,2502,57
77,54.459999999999994,54.41208333333334,58.59166666666669,56.080000000000005,57.254999999999995,2016/08/31,52.3,39132,53.9,1793,52.3,53.7,1103,1132,2571,42
78,55.540000000000006,54.374166666666675,58.71166666666669,56.730000000000004,57.50999999999999,2016/08/30,53.6,39292,54.5,2177,53.6,54.3,478,1396,2497,32
79,56.160000000000004,54.32666666666667,58.776666666666685,57.24000000000001,57.714999999999996,2016/08/29,54,39440,54.8,2246,53.9,54.7,551,1467,2487,30
80,56.68000000000001,54.27583333333333,58.815000000000026,57.77,57.904999999999994,2016/08/26,54.8,39768,55.8,2246,54.8,55.2,934,1480,2423,20
81,57.4,54.20666666666666,58.78166666666669,58.23,58.05499999999999,2016/08/25,57.6,39956,58.1,2246,57.6,57.7,1652,1644,2189,0
82,57.7,54.12291666666666,58.69333333333336,58.410000000000004,58.05,2016/08/24,57.7,40400,58,2246,57,57,1042,1461,2244,0
83,57.92,54.020416666666655,58.60333333333335,58.57000000000001,58.06999999999999,2016/08/23,56.7,40579,57.1,2247,56.6,56.7,1325,1387,2338,0
84,58.32000000000001,53.90958333333332,58.50666666666669,58.64,58.175,2016/08/22,56.6,40661,58.4,2247,56,58.4,967,1387,2385,0
85,58.86,53.79541666666665,58.401666666666685,58.7,58.269999999999996,2016/08/19,58.4,40845,59.3,2247,58.2,59.1,507,1421,2386,92
86,59.06,53.666249999999984,58.26333333333335,58.589999999999996,58.294999999999995,2016/08/18,59.1,40921,59.2,2247,58.8,58.8,284,1490,2400,117
87,59.120000000000005,53.52874999999998,58.11333333333335,58.42999999999999,58.29999999999999,2016/08/17,58.8,41176,59.2,2248,58.4,58.7,254,1450,2348,118
88,59.220000000000006,53.39541666666665,57.98333333333335,58.29,58.25999999999999,2016/08/16,58.7,41158,59.6,2248,58.6,59.4,369,1450,2381,123
89,58.96,53.262916666666655,57.85166666666669,58.19,58.23999999999999,2016/08/15,59.3,41124,59.9,2249,59,59.9,433,1483,2397,133
90,58.54,53.12333333333332,57.69333333333336,58.04,58.289999999999985,2016/08/12,59.4,41059,60,2249,58.6,59.5,544,1482,2443,131
91,58.120000000000005,52.98624999999999,57.536666666666676,57.879999999999995,58.39999999999999,2016/08/11,59.4,41105,60.4,2190,58.5,59.5,834,1592,2347,128
92,57.739999999999995,52.84874999999999,57.38666666666668,57.69,58.544999999999995,2016/08/10,59.3,41228,59.4,2108,57.3,57.7,1010,1609,2300,141
93,57.36,52.72208333333332,57.218333333333355,57.56999999999999,58.67999999999999,2016/08/09,57.4,41114,57.9,2108,56.8,57.9,334,1487,2211,137
94,57.419999999999995,52.59749999999999,57.07833333333335,57.709999999999994,58.93499999999999,2016/08/08,57.2,41099,57.6,2109,57.1,57.3,190,1492,2353,137
95,57.54,52.47208333333332,56.95333333333335,57.839999999999996,59.21999999999999,2016/08/05,57.3,41112,58.1,2110,57.2,57.5,280,1485,2393,137
96,57.64,52.35208333333332,56.878333333333345,57.999999999999986,59.459999999999994,2016/08/04,57.5,41161,57.9,2111,57.2,57.4,276,1458,2392,144
97,57.64,52.23749999999998,56.79000000000001,58.169999999999995,59.67499999999999,2016/08/03,57.4,41165,57.6,2073,57,57.3,437,1468,2403,150
98,57.78000000000001,52.12458333333333,56.69666666666669,58.23,59.89999999999999,2016/08/02,57.7,41129,58,2001,57.5,57.6,386,1469,2441,151
99,58.0,51.99958333333333,56.58166666666669,58.289999999999985,60.139999999999986,2016/08/01,57.8,41133,58,1968,57.5,57.5,333,1476,2384,151
100,58.14,51.865416666666654,56.47500000000002,58.539999999999985,60.36999999999999,2016/07/29,57.8,41098,58.2,2003,57.3,58.2,309,1512,2383,151
101,58.36,51.72541666666665,56.37666666666669,58.919999999999995,60.65500000000001,2016/07/28,57.5,41136,58.2,1914,57.1,58.2,457,1522,2367,155
102,58.7,51.58374999999999,56.28333333333335,59.39999999999999,60.915000000000006,2016/07/27,58.1,41148,59.3,1979,58,58.9,494,1543,2401,151
103,58.67999999999999,51.447499999999984,56.17666666666669,59.789999999999985,60.925,2016/07/26,58.8,41314,59.2,1999,58.3,58.5,276,1506,2455,178
104,58.58,51.30499999999998,56.08000000000002,60.15999999999999,60.855000000000004,2016/07/25,58.5,41294,58.8,1999,57.5,58.3,436,1489,2466,178
105,58.94,51.16374999999998,55.975000000000016,60.59999999999999,60.735,2016/07/22,58.9,41336,59.4,1999,58.3,59.2,413,1492,2512,179
106,59.480000000000004,51.02208333333331,55.87166666666668,60.919999999999995,60.69500000000001,2016/07/21,59.2,41289,59.3,2002,58.1,58.1,836,1513,2524,180
107,60.1,50.88874999999998,55.753333333333345,61.17999999999999,60.635000000000005,2016/07/20,58,41195,59.1,2053,57.9,58.3,1001,1496,2648,188
108,60.9,50.76416666666665,55.68166666666668,61.56999999999999,60.63000000000001,2016/07/19,58.3,41246,60.2,2145,57.9,59.5,1663,1517,2684,190
109,61.739999999999995,50.63041666666665,55.60333333333334,61.989999999999995,60.60000000000001,2016/07/18,60.3,41531,61.4,2278,59.7,61.4,1186,1490,2577,221
110,62.260000000000005,50.48458333333331,55.49333333333333,62.2,60.46500000000001,2016/07/15,61.6,41587,62.3,2738,61.4,62.3,725,1459,2492,234
111,62.36,50.33166666666664,55.38666666666666,62.39,60.24000000000001,2016/07/14,62.3,41773,62.6,2738,61.8,61.9,441,1439,2418,254
112,62.260000000000005,50.15624999999998,55.23166666666666,62.42999999999999,60.040000000000006,2016/07/13,62,41637,63,2696,61.4,63,768,1433,2537,264
113,62.239999999999995,49.98791666666664,55.08833333333333,62.06,59.85000000000001,2016/07/12,62.5,41435,63.2,2696,62.4,63.1,854,1450,2643,281
114,62.239999999999995,49.82541666666665,54.919999999999995,61.55,59.53000000000001,2016/07/11,62.9,41283,63.5,2806,62.3,63,535,1491,2795,283
115,62.14,49.65833333333332,54.695,60.86999999999999,59.18500000000002,2016/07/07,62.1,41148,62.4,2779,61.8,61.9,583,1483,2787,281
116,62.419999999999995,49.51458333333332,54.46666666666667,60.46999999999999,59.01000000000001,2016/07/06,61.8,41021,62.5,2759,61.6,61.8,598,1450,2749,290
117,62.6,49.37374999999998,54.26416666666667,60.089999999999996,58.84500000000001,2016/07/05,61.9,41006,63,2749,61.5,63,753,1433,2822,298
118,61.879999999999995,49.24041666666665,54.05166666666666,59.69,58.72500000000001,2016/07/04,62.5,40860,63.5,2729,61.8,62.3,1169,1418,2891,310
119,60.86,49.11874999999998,53.8275,59.21,58.47500000000001,2016/07/01,62.4,40848,63.2,2715,62.1,63,1560,1416,2928,310
120,59.6,48.99583333333331,53.61083333333333,58.730000000000004,58.17,2016/06/30,63.5,40648,64.7,2905,61.6,62.8,3030,1485,3014,331
121,58.52,48.83999999999998,53.37083333333333,58.09000000000001,57.635000000000005,2016/06/29,62.7,40615,63,2405,59,59,4179,1401,3213,314
122,57.58,48.69166666666664,53.125833333333325,57.65,57.114999999999995,2016/06/28,58.3,40596,58.3,2267,56.6,57.3,702,1244,2493,280
123,57.5,48.58249999999998,52.970833333333324,57.64000000000001,56.815,2016/06/27,57.4,40482,57.9,2317,55.5,56.1,658,1257,2443,267
124,57.56,48.48166666666665,52.85083333333333,57.510000000000005,56.489999999999995,2016/06/24,56.1,40353,58.5,2374,55,58.1,1050,1361,2398,264
125,57.86,48.38916666666665,52.73333333333333,57.500000000000014,56.2,2016/06/23,58.1,40328,58.7,2431,57.7,58.2,571,1472,2371,321
126,57.660000000000004,48.27624999999998,52.582499999999996,57.55000000000001,55.8,2016/06/22,58,40314,58.2,2463,57.5,58,358,1395,2342,318
127,57.720000000000006,48.16791666666664,52.35916666666666,57.60000000000001,55.40500000000001,2016/06/21,57.9,40369,58.2,2481,56.6,57.3,579,1379,2303,317
128,57.78000000000001,48.05458333333331,52.13583333333333,57.76000000000001,55.06,2016/06/20,57.7,40327,58.7,2481,57.5,58.2,647,1388,2375,314
129,57.46,47.94499999999998,51.89583333333333,57.74000000000001,54.714999999999996,2016/06/17,57.6,40368,58.2,2603,57,57.5,686,1353,2439,313
130,57.14000000000001,47.83666666666665,51.673333333333325,57.61,54.325,2016/06/16,57.1,40169,58.6,2603,56.7,58.3,988,1325,2507,320
131,57.44000000000001,47.72416666666665,51.43999999999999,57.17999999999999,53.970000000000006,2016/06/15,58.3,39986,58.3,2603,57,58,722,1322,2462,334
132,57.48,47.605833333333315,51.169999999999995,56.58,53.57500000000001,2016/06/14,58.2,40146,59.2,2603,55.6,55.6,2097,1131,2498,329
133,57.739999999999995,47.48708333333332,50.938333333333325,55.989999999999995,53.125000000000014,2016/06/13,56.1,39409,57.2,2603,54.3,55.1,2071,1036,2585,311
134,58.02,47.38541666666665,50.74833333333333,55.46999999999999,52.77,2016/06/08,56,39600,60.1,2603,55.2,58.5,2623,1057,2589,629
135,58.08,47.28916666666665,50.60083333333333,54.9,52.455000000000005,2016/06/07,58.6,39576,59.1,2603,58,58.5,588,1271,2520,392
136,56.92,47.16874999999998,50.415833333333325,54.05,52.165000000000006,2016/06/06,58.5,39413,60.4,2603,58.1,59.6,1043,1257,2573,279
137,55.67999999999999,47.05333333333332,50.23249999999999,53.21,51.85000000000001,2016/06/04,59.5,39601,60.7,2603,57.6,58.1,1869,1246,2692,278
138,54.239999999999995,46.93166666666666,50.036666666666655,52.36,51.46500000000001,2016/06/03,57.5,39601,57.8,2603,56,56.5,1621,947,2753,251
139,52.919999999999995,46.82291666666666,49.87666666666666,51.69,51.13,2016/06/02,56.3,39364,58,2603,53.6,53.8,4562,706,2941,199
140,51.71999999999999,46.720833333333324,49.73666666666666,51.040000000000006,50.885000000000005,2016/06/01,52.8,38939,53.2,2003,52.1,52.1,326,670,2781,168
141,51.17999999999999,46.65333333333333,49.63166666666666,50.760000000000005,50.839999999999996,2016/05/31,52.3,38863,52.8,2003,51.4,52.3,579,650,2764,167
142,50.739999999999995,46.59375,49.552499999999995,50.57000000000001,50.82000000000001,2016/05/30,52.3,38993,52.8,1863,51,51.1,799,613,2794,158
143,50.48,46.528749999999995,49.4375,50.260000000000005,50.79,2016/05/27,50.9,38831,51.1,1863,50.4,50.5,383,505,2865,162
144,50.46,46.48416666666666,49.3125,50.07000000000001,50.895,2016/05/26,50.3,38763,50.8,1863,50.2,50.8,236,505,2802,165
145,50.36,46.4375,49.189166666666665,50.010000000000005,50.989999999999995,2016/05/25,50.1,38688,50.8,1863,50.1,50.2,304,495,2834,165
146,50.339999999999996,46.39958333333333,49.06916666666667,50.28000000000001,51.12,2016/05/24,50.1,38710,50.7,1863,50,50.4,415,483,2861,168
147,50.4,46.35083333333333,48.94416666666667,50.49,51.220000000000006,2016/05/23,51,36897,51,1873,50,50.8,695,501,2823,167
148,50.040000000000006,46.30499999999999,48.807500000000005,50.57000000000001,51.355,2016/05/20,50.8,36924,51,2013,49.5,49.5,374,486,2678,168
149,49.68000000000001,46.247499999999995,48.67416666666667,50.57000000000001,51.495000000000005,2016/05/19,49.8,36837,50.3,2013,49.3,49.7,365,487,2744,156
150,49.660000000000004,46.19625,48.553333333333335,50.730000000000004,51.69,2016/05/18,50,36891,50.6,2013,49.75,50.1,373,512,2758,156
151,50.21999999999999,46.14125,48.435833333333335,50.92,51.95,2016/05/17,50.4,36842,50.4,2013,48.95,49.5,447,566,2738,155
152,50.58,46.07875,48.310833333333335,51.07,52.080000000000005,2016/05/16,49.2,36760,49.2,2013,47.9,48.7,743,613,2809,153
153,51.1,46.00375,48.225833333333334,51.32000000000001,52.29,2016/05/13,49,36387,49.7,2013,48.25,49.7,660,645,3106,154
154,51.46,45.939166666666665,48.116666666666674,51.720000000000006,52.46,2016/05/12,49.7,36517,52.9,2013,49,52.7,1158,802,3005,181
155,51.8,45.86916666666666,47.990833333333335,51.970000000000006,52.44499999999999,2016/05/11,52.8,36703,53.2,2073,52.7,52.8,505,1042,2950,166
156,51.61999999999999,45.78999999999999,47.82583333333334,51.96,52.225,2016/05/10,52.2,36693,52.4,2003,51.7,51.7,425,1086,2872,149
157,51.55999999999999,45.72416666666666,47.68500000000001,51.95,52.09749999999999,2016/05/09,51.8,36672,52.5,2004,51,51,679,1144,2775,138
158,51.54,45.66625,47.55250000000001,52.14,51.964999999999996,2016/05/06,50.8,36668,51.6,2004,50.8,51.6,342,1219,2704,103
159,51.98,45.62208333333333,47.41750000000001,52.42,51.8775,2016/05/05,51.4,36636,52,2004,51,52,347,1218,2741,103
160,52.14,45.57375,47.25583333333334,52.65,51.777499999999996,2016/05/04,51.9,36677,52.3,2004,51.2,51.7,631,1201,2766,119
161,52.3,45.51958333333333,47.07416666666667,52.980000000000004,51.6375,2016/05/03,51.9,36684,52.4,2004,51.6,51.7,560,1169,2764,105
162,52.339999999999996,45.464999999999996,46.88416666666668,53.09000000000001,51.442499999999995,2016/04/29,51.7,36578,52.8,1873,51.5,52.5,550,1168,2906,97
163,52.739999999999995,45.41791666666666,46.71833333333334,53.260000000000005,51.30749999999999,2016/04/28,53,36543,54,1873,52.8,52.8,773,1193,2971,95
164,52.86,45.35791666666666,46.53000000000001,53.2,51.1675,2016/04/27,52.2,36615,53.1,1723,52,52.2,401,1202,3006,76
165,53.160000000000004,45.30833333333332,46.352500000000006,52.92,51.00999999999999,2016/04/26,52.7,36685,53.2,1723,52,52,458,1135,3035,79
166,53.660000000000004,45.25249999999999,46.17250000000001,52.489999999999995,50.82749999999999,2016/04/25,52.1,36700,53.7,1658,52.1,52.8,505,1093,3103,35
167,53.839999999999996,45.201249999999995,46.02416666666667,52.24499999999999,50.45249999999999,2016/04/22,53.7,36730,54,1658,53,53.7,520,1093,3216,63
168,53.779999999999994,45.13374999999999,45.84666666666668,51.79,49.99249999999999,2016/04/21,53.6,36782,54,1593,52.8,54,691,1043,3327,24
169,53.54,45.06791666666666,45.65750000000001,51.334999999999994,49.47749999999999,2016/04/20,53.7,36896,55.6,1593,53.1,55.3,913,956,3337,0
170,52.67999999999999,45.00458333333333,45.47583333333335,50.90499999999999,49.004999999999995,2016/04/19,55.2,37175,56,1593,53.1,53.1,1710,975,3276,0
171,51.32000000000001,44.929583333333326,45.276666666666685,50.294999999999995,48.39999999999999,2016/04/18,53,37269,53.8,1281,51.7,53.3,1130,978,3017,0
172,50.65,44.8675,45.08083333333335,49.794999999999995,47.855,2016/04/15,53.4,37593,53.6,881,52,52.3,1664,929,3117,0
173,49.8,44.80333333333333,44.887500000000024,49.355,47.39999999999999,2016/04/14,52.4,37917,54,805,49.4,49.7,2071,914,3080,258
174,49.13,44.74666666666666,44.73083333333336,49.135,47.015,2016/04/13,49.4,38029,49.4,705,48.4,48.4,738,748,2880,396
175,49.13,44.71,44.621666666666684,49.099999999999994,46.902499999999996,2016/04/12,48.4,37899,49.9,705,48.15,49.85,831,684,2969,459
176,49.269999999999996,44.67499999999999,44.562500000000014,49.165,46.8575,2016/04/11,49.65,37830,49.7,706,49.05,49.15,701,670,3034,495
177,48.940000000000005,44.629166666666656,44.48333333333335,48.660000000000004,46.75,2016/04/08,49.15,37724,49.7,706,48.6,48.8,631,653,3061,453
178,48.91,44.58624999999999,44.42916666666668,48.19500000000001,46.68,2016/04/07,49.05,37587,50,706,48.8,50,832,653,3093,495
179,49.14,44.54666666666666,44.41000000000001,47.620000000000005,46.6225,2016/04/06,49.4,37583,50.4,706,48.5,49.2,1235,689,3074,547
180,49.07000000000001,44.502916666666664,44.38083333333335,47.105000000000004,46.5475,2016/04/01,49.1,37581,50.2,606,48.1,48.3,1190,670,3016,562
181,49.06,44.46624999999999,44.309166666666684,46.50500000000001,46.417500000000004,2016/03/31,48,37440,49.9,506,48,49.6,1126,646,3072,609
182,48.38000000000001,44.44124999999999,44.25750000000002,45.915000000000006,46.394999999999996,2016/03/30,49,37308,50.7,1272,49,50.2,1821,636,3191,630
183,47.480000000000004,44.39708333333332,44.19416666666668,45.44500000000001,46.214999999999996,2016/03/29,50.2,37460,51.5,1222,47.8,49,3252,556,3108,678
184,46.1,44.33958333333332,44.11250000000002,44.895,45.875,2016/03/28,49.05,37057,50.7,1222,48.4,50.7,3746,545,3616,523
185,45.14,44.29541666666666,44.04500000000002,44.705,45.5675,2016/03/25,49.05,37778,49.05,220,45.9,46.4,6055,409,3897,394
186,43.95,44.25166666666666,43.97000000000002,44.550000000000004,45.26,2016/03/24,44.6,36838,45.35,70,44.55,45,796,505,3292,219
187,43.45,44.24916666666666,43.97666666666668,44.84,45.16,2016/03/23,44.5,36775,45.1,70,43.5,43.6,1091,471,3267,210
188,43.410000000000004,44.25458333333333,43.97333333333335,45.165000000000006,45.075,2016/03/22,43.3,36484,44.3,0,43.1,44.25,1051,448,3342,206
189,43.69,44.274583333333325,43.994166666666686,45.625,45.05,2016/03/21,44.25,37233,44.3,0,42.25,42.75,1437,408,3315,199
190,44.269999999999996,44.28916666666666,44.000000000000014,45.989999999999995,44.964999999999996,2016/03/18,43.1,37515,43.1,0,40.95,42.5,3775,408,3675,232
191,45.14999999999999,44.30958333333333,44.00833333333335,46.33,44.957499999999996,2016/03/17,42.1,39683,44.7,0,42.1,44.45,2336,433,3369,263
192,46.230000000000004,44.33708333333333,44.04166666666668,46.875,44.997499999999995,2016/03/16,44.3,41317,45.5,0,44.3,44.5,1108,438,2925,271
193,46.92,44.33333333333333,44.03583333333335,46.98499999999999,44.9875,2016/03/15,44.7,41918,47.05,0,44.4,47.05,1083,438,2648,276
194,47.56,44.32833333333333,44.02250000000002,46.855,44.875,2016/03/14,47.15,42211,47.8,0,47.1,47.7,736,438,2561,292
195,47.71,44.34916666666666,43.97750000000001,46.42999999999999,44.625,2016/03/11,47.5,41200,47.95,0,47.3,47.3,820,438,2642,310
196,47.510000000000005,44.37749999999999,43.92166666666669,45.96999999999999,44.394999999999996,2016/03/10,47.5,41202,48.1,0,47.15,48.1,591,452,2653,284
197,47.52,44.37,43.87416666666669,45.48,44.207499999999996,2016/03/09,47.75,41111,48.45,0,47.15,48,467,447,2741,290
198,47.05,44.35833333333333,43.82666666666669,44.985,44.0125,2016/03/08,47.9,41080,48.8,0,46.6,48.8,779,450,2735,288
199,46.15,44.34833333333333,43.769166666666685,44.475,43.752500000000005,2016/03/07,47.9,40968,48.4,0,46.75,46.75,1027,450,2828,287
200,45.15,44.332916666666655,43.70500000000002,43.940000000000005,43.44250000000001,2016/03/04,46.5,40913,47.6,0,46.5,47.55,1140,450,2775,284
201,44.43,44.32666666666666,43.675000000000026,43.58500000000001,43.167500000000004,2016/03/03,47.55,41211,47.95,0,45.4,45.4,1630,449,2793,329
202,43.440000000000005,44.31124999999999,43.63500000000002,43.120000000000005,42.81500000000001,2016/03/02,45.4,41167,45.75,0,43.65,43.65,1044,425,2570,316
203,42.92,44.31416666666666,43.62000000000002,42.99,42.63250000000001,2016/03/01,43.4,41177,43.95,0,43.1,43.1,259,425,2231,311
204,42.800000000000004,44.330833333333324,43.65583333333335,42.895,42.54750000000001,2016/02/26,42.9,41164,43.25,0,42.85,43.2,172,425,2217,311
205,42.730000000000004,44.35166666666666,43.68583333333335,42.82000000000001,42.480000000000004,2016/02/25,42.9,41126,43.35,0,42.65,42.65,288,425,2233,310
206,42.74000000000001,44.36916666666665,43.73000000000001,42.82000000000001,42.43000000000001,2016/02/24,42.6,41134,42.95,0,42.55,42.9,168,425,2240,299
207,42.8,44.38874999999999,43.757500000000014,42.935,42.46000000000001,2016/02/23,42.8,41181,43.1,0,42.75,43,199,425,2243,296
208,43.06,44.40041666666665,43.802500000000016,43.040000000000006,42.47250000000001,2016/02/22,42.8,41222,43.45,0,42.65,43.45,196,425,2224,297
209,42.989999999999995,44.40833333333332,43.82083333333335,43.03,42.44500000000001,2016/02/19,42.55,41213,43.25,0,42.5,42.85,224,409,2225,294
210,42.91,44.45583333333332,43.839166666666685,42.945,42.4575,2016/02/18,42.95,41276,43.75,0,42.9,43.1,205,408,2221,295
211,42.900000000000006,44.52291666666665,43.846666666666685,42.75,42.47250000000001,2016/02/17,42.9,41367,44.1,0,42.85,44.1,277,433,2192,295
212,43.07,44.58124999999998,43.846666666666685,42.510000000000005,42.39000000000001,2016/02/16,44.1,41479,44.1,0,43.25,43.55,583,434,2191,292
213,43.019999999999996,44.67541666666664,43.78166666666669,42.275,42.275000000000006,2016/02/15,42.45,41532,42.8,0,41.35,41.4,405,451,2171,289
214,43.07,44.79416666666665,43.761666666666684,42.2,42.3025,2016/02/03,42.15,41632,42.9,0,42,42.8,347,438,2129,289
215,42.98,44.91791666666665,43.747500000000024,42.14,42.337500000000006,2016/02/02,42.9,41735,43.75,0,42.75,43.7,243,434,2136,285
216,42.6,45.02541666666665,43.754166666666684,42.04,42.43500000000001,2016/02/01,43.75,41695,44.25,11,43.1,43.85,246,449,2113,269
217,41.95,45.12333333333332,43.76333333333335,41.985,42.49250000000001,2016/01/30,43.85,41651,44,11,43,43.3,366,449,2174,258
218,41.529999999999994,45.22041666666665,43.780000000000015,41.905,42.595000000000006,2016/01/29,42.7,41651,42.85,4,41.7,41.7,240,451,2169,307
219,41.33,45.328749999999985,43.82666666666668,41.86,42.855000000000004,2016/01/28,41.7,41583,42.25,4,40.5,40.5,248,452,2201,327
220,41.3,45.438749999999985,43.89166666666668,41.970000000000006,43.152499999999996,2016/01/27,41,41564,41.5,4,40.55,40.55,209,447,2214,340
221,41.480000000000004,45.55791666666665,43.96500000000002,42.19500000000001,43.3425,2016/01/26,40.5,41495,41.5,4,40.5,41.5,310,447,2279,335
222,42.02,45.67791666666665,44.04583333333335,42.27,43.56249999999999,2016/01/25,41.75,41597,42.25,4,41.7,41.8,216,447,2244,322
223,42.279999999999994,45.797499999999985,44.117500000000014,42.275000000000006,43.73499999999999,2016/01/22,41.7,41613,42.05,4,40.8,41.25,451,447,2270,347
224,42.39,45.92083333333332,44.18583333333334,42.40500000000001,43.915,2016/01/21,41.55,41641,41.9,4,41.2,41.9,285,437,2252,252
225,42.64,46.056249999999984,44.26416666666668,42.535000000000004,44.08749999999999,2016/01/20,41.9,41718,43.05,24,41.9,42.8,300,440,2296,243
226,42.910000000000004,46.19041666666666,44.33250000000001,42.83,44.21999999999999,2016/01/19,43.2,41793,43.4,30,42.6,43.4,197,440,2276,255
227,42.52,46.314583333333324,44.378333333333345,43.0,44.309999999999995,2016/01/18,43.05,41696,43.5,65,41.5,42,367,445,2326,255
228,42.27,46.445833333333326,44.42083333333334,43.285,44.372499999999995,2016/01/15,42.25,41569,43,65,42.2,43,403,442,2378,259
229,42.42,46.579583333333325,44.47833333333334,43.849999999999994,44.4875,2016/01/14,42.8,41603,43,71,41.8,42.85,375,449,2365,233
230,42.43,46.73374999999999,44.53333333333333,44.334999999999994,44.5775,2016/01/13,43.25,41694,43.25,71,41.1,41.1,616,449,2383,231
231,42.74999999999999,46.875833333333325,44.582499999999996,44.489999999999995,44.595,2016/01/12,41.25,41522,42.5,126,41.2,42,441,457,2412,253
232,43.480000000000004,47.037083333333335,44.65416666666667,44.85499999999999,44.7375,2016/01/11,41.8,41550,42.65,201,41.8,42,497,450,2384,221
233,44.3,47.19708333333333,44.71916666666666,45.194999999999986,44.845000000000006,2016/01/08,43,41594,43.4,201,42.2,42.2,395,452,2355,218
234,45.28,47.35708333333333,44.762499999999996,45.42499999999999,44.89,2016/01/07,42.85,41659,44.95,201,42.55,44.9,632,450,2352,232
235,46.24,47.51666666666666,44.798333333333325,45.63999999999999,44.970000000000006,2016/01/06,44.85,41743,45.2,201,44.2,45,390,456,2325,252
236,46.230000000000004,47.663749999999986,44.787499999999994,45.60999999999999,44.935,2016/01/05,44.9,41761,46.65,201,44.9,45.7,403,456,2369,277
237,46.230000000000004,47.80291666666666,44.77499999999999,45.61999999999999,44.9225,2016/01/04,45.9,41782,47.9,201,45.9,47.9,448,442,2414,310
238,46.089999999999996,47.94125,44.743333333333325,45.459999999999994,44.8725,2015/12/31,47.9,41873,48.95,201,47.2,48.95,647,441,2431,352
239,45.57,48.04208333333334,44.68333333333332,45.125,44.7,2015/12/30,47.65,41871,49,194,45.7,45.7,1647,454,2431,351
240,45.04,48.153333333333336,44.62499999999999,44.82000000000001,44.52,2015/12/29,44.8,41779,45.25,194,44.8,44.9,189,441,2341,268
241,44.989999999999995,48.305,44.62333333333333,44.7,44.515,2015/12/28,44.9,41711,45.3,182,44.9,45.3,145,441,2351,268
242,45.010000000000005,48.475,44.62499999999999,44.620000000000005,44.5275,2015/12/25,45.2,41651,45.3,167,45,45.3,151,441,2362,267
243,44.83,48.64083333333333,44.599999999999994,44.495000000000005,44.4925,2015/12/24,45.3,41617,45.5,167,45,45,326,441,2352,266
244,44.67999999999999,48.82416666666666,44.566666666666656,44.355000000000004,44.505,2015/12/23,45,41495,45,197,44.7,45,155,441,2406,264
245,44.599999999999994,49.015,44.54583333333333,44.300000000000004,44.49,2015/12/22,44.55,41415,45,197,44.4,44.65,262,441,2445,261
246,44.41,49.22291666666667,44.533333333333324,44.260000000000005,44.540000000000006,2015/12/21,45,41486,45.45,197,44.7,45.35,412,440,2446,253
247,44.230000000000004,49.431250000000006,44.52166666666666,44.225,44.502500000000005,2015/12/18,44.3,41479,45.1,197,44.3,44.6,411,440,2447,222
248,44.16,49.64125000000001,44.53583333333333,44.285,44.5625,2015/12/17,44.55,41453,45.7,197,44.45,44.8,491,439,2446,212
249,44.03,49.852500000000006,44.55499999999999,44.27499999999999,44.53,2015/12/16,44.6,41418,44.6,197,43.2,43.6,311,427,2415,198
250,44.0,50.06250000000001,44.578333333333326,44.21999999999999,44.4825,2015/12/15,43.6,41405,44.35,197,43.1,44.1,354,427,2408,199
251,44.11,50.29,44.610833333333325,44.33,44.4725,2015/12/14,44.1,41377,44.4,197,43,43.7,340,426,2393,191
252,44.220000000000006,50.517500000000005,44.632499999999986,44.434999999999995,44.412499999999994,2015/12/11,43.95,41337,44.2,197,43.65,44.1,242,425,2562,197
253,44.410000000000004,50.74625,44.63083333333332,44.489999999999995,44.224999999999994,2015/12/10,43.9,41356,44.3,147,43.9,44.3,221,424,2570,218
254,44.519999999999996,50.97541666666667,44.634166666666665,44.65499999999999,44.092499999999994,2015/12/09,44.45,41474,44.45,147,43.8,44.05,231,424,2526,226
255,44.44,51.192499999999995,44.720833333333324,44.67999999999999,43.93499999999999,2015/12/08,44.15,41482,44.7,81,44.15,44.65,270,425,2569,222
256,44.55,51.39875,44.83333333333333,44.81999999999999,43.89249999999999,2015/12/07,44.65,41497,45.2,12,44.5,44.9,167,425,2562,224
257,44.65,51.611666666666665,44.86583333333332,44.779999999999994,43.874999999999986,2015/12/04,44.9,41486,44.9,12,44.25,44.25,137,424,2582,233
258,44.57000000000001,51.82083333333333,44.889999999999986,44.839999999999996,43.87249999999999,2015/12/03,44.45,41500,45,12,44.05,44.05,210,424,2582,229
259,44.79,52.01291666666667,44.92749999999999,44.785,43.92499999999999,2015/12/02,44.05,41471,45.1,12,44.05,45.1,376,423,2614,234
260,44.919999999999995,52.219166666666666,44.96083333333332,44.74499999999999,44.00249999999999,2015/12/01,44.7,41630,45.2,12,44.7,44.7,197,422,2555,247
261,45.089999999999996,52.404999999999994,44.978333333333325,44.614999999999995,44.037499999999994,2015/11/30,45.15,41642,45.15,12,44,44.5,307,422,2542,250
262,44.910000000000004,52.61208333333333,44.98749999999999,44.39,44.0475,2015/11/27,44.5,41590,45.7,12,44.5,45.6,382,422,2587,262
263,45.11,52.83208333333334,45.008333333333326,43.959999999999994,44.12499999999999,2015/11/26,45.55,41721,46.3,12,45.1,45.1,480,487,2526,263
264,44.78000000000001,53.03,45.00583333333332,43.529999999999994,44.137499999999996,2015/11/25,44.7,41704,45.7,12,44.5,45.55,377,467,2597,259
265,44.57000000000001,53.2225,45.0175,43.19,44.214999999999996,2015/11/24,45.55,41761,46,12,44.1,44.25,496,467,2549,233
266,44.14,53.400416666666665,45.008333333333326,42.964999999999996,44.2375,2015/11/23,44.25,41576,45.4,12,44.2,45.35,421,467,2539,200
267,43.870000000000005,53.58833333333334,45.01999999999999,42.97,44.3225,2015/11/20,45.5,41641,45.7,0,43.9,43.9,685,467,2436,211
268,42.81,53.77,44.99833333333333,42.905,44.3275,2015/11/19,43.9,41518,44,0,43.55,43.8,404,401,2470,222
269,42.28,53.95916666666667,44.99583333333332,43.065000000000005,44.4175,2015/11/18,43.65,41333,43.65,0,42.9,43.5,412,401,2635,218
270,41.81,54.150416666666665,45.07249999999999,43.260000000000005,44.54,2015/11/17,43.4,41102,43.85,0,43.05,43.65,601,401,2659,213
271,41.79,54.342083333333335,45.199166666666656,43.46000000000001,44.68,2015/11/16,42.9,40959,43.2,0,39.45,40,993,401,2668,239
272,42.07000000000001,54.53958333333333,45.31583333333332,43.705000000000005,44.8125,2015/11/13,40.2,40838,41.1,0,40.2,41.1,580,402,2962,275
273,43.0,54.75541666666666,45.56916666666665,44.290000000000006,45.0875,2015/11/12,41.25,41063,41.7,0,41.1,41.2,469,402,2833,226
274,43.85,54.9625,45.82666666666666,44.74500000000001,45.305,2015/11/11,41.3,41246,43.3,0,41.15,43.3,1044,402,2855,270
275,44.709999999999994,55.17333333333333,46.08833333333333,45.24000000000001,45.49,2015/11/10,43.3,41623,44.05,8,43.3,44,646,402,2543,145
276,45.129999999999995,55.37083333333333,46.29666666666666,45.510000000000005,45.53500000000001,2015/11/09,44.3,41841,44.75,8,44.1,44.6,277,402,2468,172
277,45.339999999999996,55.55833333333333,46.48333333333333,45.675000000000004,45.52750000000001,2015/11/06,44.85,41961,45.6,8,44.7,45.5,333,402,2420,182
278,45.58,55.74041666666666,46.66083333333333,45.75000000000001,45.48500000000001,2015/11/05,45.5,42067,45.75,8,45.5,45.6,326,403,2414,197
279,45.64,55.91791666666666,46.83083333333333,45.77,45.425000000000004,2015/11/04,45.6,42143,45.75,8,45.5,45.5,433,403,2418,209
280,45.77,56.099583333333335,46.98583333333333,45.82000000000001,45.352500000000006,2015/11/03,45.4,42260,45.7,0,45.15,45.15,278,402,2421,200
281,45.89,56.28374999999999,47.15083333333334,45.900000000000006,45.3175,2015/11/02,45.35,42258,46,0,45.2,46,469,405,2410,199
282,46.010000000000005,56.464999999999996,47.31000000000001,45.92,45.3,2015/10/30,46.05,42434,46.35,0,45.8,45.8,318,405,2325,230
283,45.92,56.64791666666667,47.4775,45.885000000000005,45.1825,2015/10/29,45.8,42372,46.35,0,45.8,46.3,255,405,2383,229
284,45.9,56.83624999999999,47.655833333333334,45.864999999999995,45.0575,2015/10/28,46.25,42448,46.5,0,46.05,46.05,240,405,2348,231
285,45.87,57.02583333333333,47.848333333333336,45.739999999999995,44.9325,2015/10/27,46,42394,46.5,0,45.95,45.95,195,405,2350,224
286,45.91,57.22249999999999,48.04833333333333,45.56,44.822500000000005,2015/10/26,45.95,42338,46.25,0,45.8,46.2,325,405,2401,219
287,45.83,57.418749999999996,48.25083333333334,45.38,44.74,2015/10/23,45.6,42264,46.2,0,45.55,46.1,262,405,2464,211
288,45.849999999999994,57.621249999999996,48.47083333333334,45.22,44.7175,2015/10/22,45.7,42317,46.25,0,45.7,46.25,190,405,2473,213
289,45.83,57.82291666666666,48.68083333333335,45.08,44.7175,2015/10/21,46.1,42308,47.2,0,46.1,46.3,344,405,2507,221
290,45.61,58.02458333333333,48.934166666666684,44.885,44.7125,2015/10/20,46.2,42287,46.2,0,45.5,45.8,551,405,2489,218
291,45.209999999999994,58.221250000000005,49.16916666666669,44.735,44.68,2015/10/19,45.55,42027,46.2,0,45.35,46,401,410,2617,223
292,44.93,58.407500000000006,49.42000000000002,44.67999999999999,44.6725,2015/10/16,45.7,41936,45.85,0,45.3,45.8,452,409,2687,219
293,44.589999999999996,58.583333333333336,49.675000000000026,44.48,44.58,2015/10/15,45.6,41766,46,0,45.05,45.1,666,409,2771,233
294,44.33,58.75750000000001,49.95166666666669,44.24999999999999,44.505,2015/10/14,45,41561,45,0,44.3,44.3,565,412,2950,228
295,44.16,58.93916666666667,50.23500000000002,44.12499999999999,44.7375,2015/10/13,44.2,41225,44.2,0,43.8,44.15,410,415,3163,221
296,44.26,59.12166666666668,50.54000000000003,44.084999999999994,45.0725,2015/10/12,44.15,41122,44.15,0,43.65,44,217,410,3175,225
297,44.43,59.313750000000006,50.83083333333335,44.1,45.195,2015/10/08,44,41123,44.3,0,43.6,44.3,418,410,3196,228
298,44.37,59.504583333333336,51.13916666666669,44.214999999999996,45.3125,2015/10/07,44.3,41075,44.55,0,44.1,44.2,400,411,3110,246
299,44.17,59.691250000000004,51.40083333333335,44.355,45.432500000000005,2015/10/06,44.15,41089,45.05,0,44.15,45,580,411,3070,249
300,44.089999999999996,59.691250000000004,51.681666666666686,44.54,45.5275,2015/10/05,44.7,41190,45.4,0,44.55,45.4,466,411,3056,255
301,43.910000000000004,59.691250000000004,51.986666666666686,44.625,45.58,2015/10/02,45,41244,45.3,10,44.05,44.3,422,406,2936,256
302,43.77,59.691250000000004,52.32500000000002,44.665,45.615,2015/10/01,43.7,39156,43.9,4,43.3,43.3,169,406,3070,226
303,44.06,59.691250000000004,52.681666666666686,44.67999999999999,45.7175,2015/09/30,43.3,39128,44,4,43.1,43.35,230,406,3091,221
304,44.54,59.691250000000004,53.081666666666685,44.76,45.822500000000005,2015/09/25,43.75,39147,44.95,384,43.75,44.5,588,406,3119,213
305,44.989999999999995,59.691250000000004,53.48416666666669,45.349999999999994,45.905,2015/09/24,43.8,39369,44.8,384,43.8,44.5,367,406,3074,192
306,45.339999999999996,59.691250000000004,53.91250000000002,46.059999999999995,45.965,2015/09/23,44.3,39415,45,384,44.25,45,524,406,3004,203
307,45.56,59.691250000000004,54.34083333333335,46.29,45.9975,2015/09/22,45.15,39562,46.05,384,44.95,45.75,545,406,2889,193
308,45.3,59.691250000000004,54.746666666666684,46.410000000000004,45.95,2015/09/21,45.7,39629,46.4,386,44.85,46.4,764,406,2812,193
309,44.98,59.691250000000004,55.15000000000001,46.510000000000005,45.852500000000006,2015/09/18,46,39736,46.7,335,45.55,46,1006,408,2733,186
310,45.709999999999994,59.691250000000004,55.54666666666669,46.515,45.965,2015/09/17,45.55,39678,46.55,335,45.55,45.95,1340,407,2690,164
311,46.78,59.691250000000004,55.96916666666667,46.535000000000004,46.2375,2015/09/16,45.4,39759,46.1,265,43.9,43.9,1534,416,2701,153
312,47.019999999999996,59.691250000000004,56.40250000000001,46.565000000000005,46.4625,2015/09/15,43.85,39455,44.5,185,43.6,44.5,625,419,2917,120
313,47.519999999999996,59.691250000000004,56.86166666666668,46.755,47.04,2015/09/14,44.1,39606,44.6,185,43.5,44.3,1318,409,2884,95
314,48.040000000000006,59.691250000000004,57.316666666666684,46.885000000000005,47.67,2015/09/11,49.65,39805,51.6,185,49.3,51.6,2194,415,2974,0
315,47.32000000000001,59.691250000000004,57.66416666666668,46.46,48.0375,2015/09/10,50.9,40018,50.9,12,46.3,46.55,1898,426,2864,0
316,46.29,59.691250000000004,57.96416666666668,45.870000000000005,48.2825,2015/09/09,46.6,39607,47,12,46.25,46.45,1489,445,2749,0
317,46.11,59.691250000000004,58.35750000000002,45.705,48.7275,2015/09/08,46.35,39589,46.95,12,46.35,46.8,801,416,2512,2
318,45.989999999999995,59.691250000000004,58.75166666666669,45.489999999999995,49.184999999999995,2015/09/07,46.7,39816,47,12,46.05,46.15,1086,416,2427,83
319,45.73,59.691250000000004,59.09833333333336,45.195,49.635,2015/09/04,46.05,39609,46.8,12,45.6,45.6,764,416,2399,87
320,45.6,59.691250000000004,59.47750000000003,45.415,50.0775,2015/09/03,45.75,39837,45.8,12,45.4,45.55,455,406,2380,159
321,45.45,59.691250000000004,59.831666666666685,45.94,50.555,2015/09/02,45.7,39981,45.8,12,45.1,45.45,289,407,2260,158
322,45.3,59.691250000000004,60.236666666666686,46.36,51.015,2015/09/01,45.75,39998,45.95,12,45.1,45.4,523,408,2219,172
323,44.99,59.691250000000004,60.65583333333335,47.325,51.532500000000006,2015/08/31,45.4,39873,45.45,64,44.75,45.4,1011,411,2196,173
324,44.660000000000004,59.691250000000004,61.05416666666668,48.455,52.0875,2015/08/28,45.4,39918,45.5,115,45.05,45.5,740,417,2066,199
325,45.230000000000004,59.691250000000004,61.42750000000001,49.614999999999995,52.7075,2015/08/27,45,40072,45.7,164,44.6,45.7,1176,430,2012,219
326,46.43,59.691250000000004,61.79250000000001,50.695,53.3575,2015/08/26,44.95,40483,45.7,314,43.9,44.2,826,425,1938,193
327,47.42,59.691250000000004,62.15666666666667,51.75,54.015,2015/08/25,44.2,40535,46,364,40.2,40.2,989,427,1911,191
328,49.660000000000004,59.691250000000004,62.54166666666668,52.879999999999995,54.745000000000005,2015/08/24,43.75,40348,46.9,363,43.45,46.2,1224,430,2006,168
329,52.25,59.691250000000004,62.92250000000001,54.075,55.472500000000004,2015/08/21,48.25,40468,50.5,363,48,50.5,811,468,2173,187
330,54.0,59.691250000000004,63.228333333333346,54.739999999999995,56.125,2015/08/20,51,40733,51,363,49.9,50,616,473,2405,209
331,54.96,59.691250000000004,63.485000000000014,55.17,56.589999999999996,2015/08/19,49.9,40673,55.1,513,49.9,55.1,1370,475,2482,169
332,56.08,59.691250000000004,63.76333333333334,55.67,57.125,2015/08/18,55.4,40717,56.7,588,55.4,56.7,273,468,2497,155
333,56.1,59.691250000000004,63.94166666666668,55.739999999999995,57.40500000000001,2015/08/17,56.7,40774,57.5,588,56.2,57.5,146,475,2525,153
334,55.9,59.691250000000004,64.09833333333334,55.71999999999999,57.68000000000001,2015/08/14,57,40742,58.4,588,56.6,56.6,859,469,2538,152
335,55.48,59.691250000000004,64.25833333333334,55.8,57.93000000000001,2015/08/13,55.8,40667,56,588,55.1,56,242,472,2498,163
336,55.379999999999995,59.691250000000004,64.44500000000001,56.019999999999996,58.265,2015/08/12,55.5,40602,56,608,55,55.1,208,472,2532,176
337,55.25999999999999,59.691250000000004,64.63333333333334,56.279999999999994,58.57000000000001,2015/08/11,55.5,40569,56.6,608,55.5,56.2,340,462,2555,172
338,55.379999999999995,59.691250000000004,64.82000000000001,56.61,58.92,2015/08/10,55.7,40530,55.7,608,54.9,55,193,480,2577,174
339,55.54,59.691250000000004,65.00500000000001,56.86999999999999,59.135000000000005,2015/08/07,54.9,40482,55.3,608,54.7,55.3,266,481,2627,196
340,56.11999999999999,59.691250000000004,65.21333333333334,57.50999999999999,59.44,2015/08/06,55.3,40449,55.8,608,55.1,55.6,267,482,2643,197
341,56.660000000000004,59.691250000000004,65.41666666666667,58.00999999999999,59.825,2015/08/05,54.9,40378,56.2,608,54.8,56.1,465,483,2672,178
342,57.3,59.691250000000004,65.62,58.58,60.345000000000006,2015/08/04,56.1,40485,57,608,56.1,56.5,382,479,2686,129
343,57.839999999999996,59.691250000000004,65.81833333333334,59.06999999999999,60.794999999999995,2015/08/03,56.5,40508,57.8,608,55.6,57.8,478,474,2777,128
344,58.2,59.691250000000004,66.01666666666668,59.64,61.335,2015/07/31,57.8,40538,58.4,608,57.8,58,346,478,2884,111
345,58.9,59.691250000000004,66.20333333333333,60.06,61.839999999999996,2015/07/30,58,40546,58.8,608,57.8,58.1,441,491,2890,99
346,59.36,59.691250000000004,66.39666666666668,60.510000000000005,62.415,2015/07/29,58.1,40368,59,608,58.1,58.8,309,492,2936,99
347,59.86,59.691250000000004,66.58666666666667,60.86,63.00999999999999,2015/07/28,58.8,40420,59.7,608,57.7,58,489,506,2980,104
348,60.3,59.691250000000004,66.77166666666668,61.23,63.544999999999995,2015/07/27,58.3,40306,60.6,605,58.3,60.1,756,500,3097,101
349,61.080000000000005,59.691250000000004,66.965,61.4,64.125,2015/07/24,61.3,40474,63.2,605,61,63,556,505,3223,97
350,61.220000000000006,59.691250000000004,67.115,61.370000000000005,64.55,2015/07/23,60.3,40509,60.6,605,59.6,60.5,597,455,3184,107
351,61.660000000000004,59.691250000000004,67.27333333333334,61.64000000000001,65.08,2015/07/22,60.6,40545,61.7,655,60.3,61,358,459,3218,104
352,61.86,59.691250000000004,67.39500000000001,62.11,65.61999999999999,2015/07/21,61,40542,62.2,705,61,62.2,247,461,3252,98
353,62.160000000000004,59.691250000000004,67.49166666666667,62.52,66.13999999999999,2015/07/20,62.2,40567,63,755,61.8,62.8,192,477,3263,103
354,61.720000000000006,59.691250000000004,67.56333333333335,63.029999999999994,66.6,2015/07/17,62,40532,62.8,755,62,62.5,277,483,3284,103
355,61.52,59.691250000000004,67.64333333333335,63.620000000000005,67.02499999999999,2015/07/16,62.5,40620,62.7,752,61.3,61.3,235,485,3276,101
356,61.620000000000005,59.691250000000004,67.70333333333335,64.32000000000001,67.345,2015/07/15,61.6,40565,62.9,752,61.5,62.9,411,485,3278,102
357,62.36,59.691250000000004,67.79666666666668,65.16,67.775,2015/07/14,62.5,40611,63.5,750,60.9,60.9,781,498,3280,105
358,62.879999999999995,59.691250000000004,67.87000000000002,65.86,68.15,2015/07/13,60,40337,62,750,59.4,62,920,488,3346,91
359,64.34,59.691250000000004,67.98166666666667,66.85,68.525,2015/07/09,61,40386,62.5,836,60,62.5,875,532,3278,99
360,65.72,59.691250000000004,67.98166666666667,67.72999999999999,68.91499999999999,2015/07/08,63,40421,65.5,836,61.2,65.5,1020,553,3293,110
361,67.02000000000001,59.691250000000004,67.98166666666667,68.52,69.115,2015/07/07,65.3,40404,65.9,836,65,65.1,290,626,3437,113
362,67.96,59.691250000000004,67.98166666666667,69.13,69.35,2015/07/06,65.1,40401,67,836,65,66.6,921,630,3468,114
363,68.84,59.691250000000004,67.98166666666667,69.75999999999999,69.64,2015/07/03,67.3,40561,68,836,67,67.1,628,717,3596,102
364,69.35999999999999,59.691250000000004,67.98166666666667,70.16999999999999,69.74,2015/07/02,67.9,40478,69.9,836,67.4,69.5,1023,848,3579,102
365,69.74,59.691250000000004,67.98166666666667,70.42999999999999,69.73499999999999,2015/07/01,69.5,40414,71,836,69.5,70.1,626,906,3853,115
366,70.02000000000001,59.691250000000004,67.98166666666667,70.36999999999999,69.60499999999999,2015/06/30,70,40343,70,836,69,69.5,419,979,3858,121
367,70.30000000000001,59.691250000000004,67.98166666666667,70.39,69.44500000000001,2015/06/29,69.5,40340,69.8,785,68.8,69.4,322,986,3893,119
368,70.68,59.691250000000004,67.98166666666667,70.44,69.335,2015/06/26,69.9,40334,69.9,785,69,69.7,303,1022,3884,125
369,70.98,59.691250000000004,67.98166666666667,70.2,69.17,2015/06/25,69.8,40316,71.3,785,69.7,71,714,1044,3874,136
370,71.12,59.691250000000004,67.98166666666667,70.1,69.01,2015/06/24,70.9,40132,71.7,785,70,71.4,399,1044,4229,141
371,70.72,59.691250000000004,67.98166666666667,69.71,68.785,2015/06/23,71.4,40047,71.9,785,69.6,71.9,916,1037,4330,143
372,70.48,59.691250000000004,67.98166666666667,69.57000000000001,68.545,2015/06/22,71.4,40015,72.5,785,71.2,71.8,1308,1036,4224,148
373,70.2,59.691250000000004,67.98166666666667,69.52000000000001,68.28,2015/06/18,71.4,39988,71.8,733,70.9,71.8,1256,1001,4145,148
374,69.42,59.691250000000004,67.98166666666667,69.30999999999999,68.01500000000001,2015/06/17,70.5,39833,70.9,683,68.9,68.9,1118,937,3859,146
375,69.08000000000001,59.691250000000004,67.98166666666667,69.03999999999999,67.82000000000001,2015/06/16,68.9,39771,70.7,513,68.7,70.5,797,917,3883,136
376,68.7,59.691250000000004,67.98166666666667,68.83999999999999,67.725,2015/06/15,70.2,39761,72,513,69.9,70,1361,969,3787,135
377,68.66,59.691250000000004,67.98166666666667,68.5,67.55499999999999,2015/06/12,70,39666,70.9,438,68,68,1082,945,3479,120
378,68.84,59.691250000000004,67.98166666666667,68.22999999999999,67.39,2015/06/11,67.5,39546,68.8,438,67.4,68.5,494,892,3477,103
379,69.2,59.691250000000004,67.98166666666667,68.14,67.35499999999999,2015/06/10,68.8,39552,68.9,438,67,68.7,532,912,3518,122
380,69.0,59.691250000000004,67.98166666666667,67.92,67.285,2015/06/09,67,39416,70.4,438,67,70.1,1069,1021,3514,132
381,68.98,59.691250000000004,67.98166666666667,67.86000000000001,67.31,2015/06/08,70,39241,71.8,388,69.8,71.6,1025,1116,3685,123
382,68.34,59.691250000000004,67.98166666666667,67.52000000000001,67.165,2015/06/05,70.9,39562,72.9,335,69.8,71.5,2484,1112,3755,112
383,67.62,59.691250000000004,67.98166666666667,67.04,67.02000000000001,2015/06/04,69.3,39036,70.5,285,67.7,68.7,2319,996,3769,83
384,67.08000000000001,59.691250000000004,67.98166666666667,66.72,66.97500000000001,2015/06/03,67.8,38730,68.8,337,66.8,67.8,2050,973,3421,67
385,66.84,59.691250000000004,67.98166666666667,66.6,67.035,2015/06/02,66.9,38249,67.3,337,66.4,66.8,642,709,2894,58
386,66.74000000000001,59.691250000000004,67.98166666666667,66.61,67.17000000000002,2015/06/01,66.8,38139,67.3,337,66.4,67.3,229,476,2891,58
387,66.7,59.691250000000004,67.98166666666667,66.61,67.305,2015/05/29,67.3,38095,67.5,337,66.6,66.7,866,473,2917,67
388,66.46,59.691250000000004,67.98166666666667,66.55,67.435,2015/05/28,66.6,37751,67.3,337,66.6,67.2,600,473,2741,54
389,66.35999999999999,59.691250000000004,67.98166666666667,66.57,67.60000000000001,2015/05/27,66.6,37539,67,383,66.2,66.4,344,473,2611,54
390,66.35999999999999,59.691250000000004,67.98166666666667,66.64999999999999,67.785,2015/05/26,66.4,37444,67.2,383,66.1,67.2,332,473,2630,54
391,66.47999999999999,59.691250000000004,67.98166666666667,66.75999999999999,67.955,2015/05/25,66.6,37349,66.6,383,65.3,66.1,361,476,2650,56
392,66.52000000000001,59.691250000000004,67.98166666666667,66.80999999999999,68.02,2015/05/22,66.1,37388,67.3,383,66.1,66.1,302,476,2630,43
393,66.64000000000001,59.691250000000004,67.98166666666667,66.99999999999999,68.05499999999999,2015/05/21,66.1,37316,66.5,383,66,66.5,407,478,2632,51
394,66.78,59.691250000000004,67.98166666666667,67.22999999999999,68.07499999999999,2015/05/20,66.6,37385,67,383,66.5,66.9,835,487,2635,55
395,66.94000000000001,59.691250000000004,67.98166666666667,67.47,68.085,2015/05/19,67,37281,67.8,383,66.7,66.8,925,502,2615,54
396,67.04,59.691250000000004,67.98166666666667,67.72999999999999,68.03999999999999,2015/05/18,66.8,36967,66.9,383,66.5,66.7,474,505,2561,53
397,67.1,59.691250000000004,67.98166666666667,68.0,68.05999999999999,2015/05/15,66.7,36695,67,383,66.6,67,276,513,2598,54
398,67.35999999999999,59.691250000000004,67.98166666666667,68.32,68.07,2015/05/14,66.8,36539,67.7,383,66.8,67.5,738,514,2623,48
399,67.67999999999999,59.691250000000004,67.98166666666667,68.63,68.065,2015/05/13,67.4,36064,67.9,382,67.3,67.9,414,537,2629,40
400,68.0,59.691250000000004,67.98166666666667,68.91999999999999,68.065,2015/05/12,67.5,36049,67.8,382,67.1,67.1,515,519,2630,41
401,68.42,59.691250000000004,67.98166666666667,69.14999999999999,68.065,2015/05/11,67.1,37440,68,382,66.8,68,541,519,2679,38
402,68.9,59.691250000000004,67.98166666666667,69.22999999999999,68.065,2015/05/08,68,37443,68.6,381,67.5,68,548,529,2741,33
403,69.28,59.691250000000004,67.98166666666667,69.10999999999999,68.065,2015/05/07,68.4,37172,69.3,381,68.1,69.2,571,531,2756,30
404,69.58,59.691250000000004,67.98166666666667,68.91999999999999,68.065,2015/05/06,69,36976,69.6,381,69,69.3,710,533,2783,32
405,69.84,59.691250000000004,67.98166666666667,68.69999999999999,68.065,2015/05/05,69.6,36902,69.9,381,69.5,69.5,436,540,2850,26
406,69.88000000000001,59.691250000000004,67.98166666666667,68.35,68.065,2015/05/04,69.5,36893,70.1,381,69.5,70,510,545,2931,19
407,69.56,59.691250000000004,67.98166666666667,68.11999999999999,68.065,2015/04/30,69.9,36717,70.6,381,69.6,70.2,862,562,2926,20
408,68.94,59.691250000000004,67.98166666666667,67.82,68.065,2015/04/29,69.9,36232,71.1,382,69,70.8,956,559,3014,15
409,68.26,59.691250000000004,67.98166666666667,67.5,68.065,2015/04/28,70.3,35909,70.8,327,69.7,70,1476,567,3282,0
410,67.56,59.691250000000004,67.98166666666667,67.5,68.065,2015/04/27,69.8,35431,70,328,67.9,68.3,1528,681,3341,0
411,66.82000000000001,59.691250000000004,67.98166666666667,67.5,68.065,2015/04/24,67.9,35058,67.9,328,66.8,67,929,565,3162,0
412,66.68,59.691250000000004,67.98166666666667,67.5,68.065,2015/04/23,66.8,35005,67.2,328,66.4,67,565,545,3230,3
413,66.70000000000002,59.691250000000004,67.98166666666667,67.5,68.065,2015/04/22,66.5,35016,67,328,66.1,67,332,651,3198,78
414,66.74000000000001,59.691250000000004,67.98166666666667,67.5,68.065,2015/04/21,66.8,35033,67.5,328,66.2,67.1,403,632,3196,84
415,66.74000000000001,59.691250000000004,67.98166666666667,67.5,68.065,2015/04/20,66.1,35034,67,348,66,67,333,673,3231,89
416,66.74000000000001,59.691250000000004,67.98166666666667,67.5,68.065,2015/04/17,67.2,35039,67.5,348,66.7,67.2,610,694,3260,113
417,66.74000000000001,59.691250000000004,67.98166666666667,67.5,68.065,2015/04/16,66.9,34974,67.3,348,66.7,67.3,363,546,3308,113
418,66.74000000000001,59.691250000000004,67.98166666666667,67.5,68.065,2015/04/15,66.7,34836,67.5,378,66.6,67.1,588,569,3402,114
